1	1
横向接头旋塞-1
标准舟节岸上准备
没有标记
sound\全形舟横向连接预拼1.mp3

舟节下水前，对标准舟节进行全面检查(包括杂物的去除，螺孔的清理和舟体整体变形情况的检查）；舟体一侧横向接头旋塞拧紧，另一侧连接面横向接头旋塞旋出，安装上螺柱钩。

起始状态: 隐藏		终止状态: 显示		移动节点: 1
1000	1	0	0	0	0	1	0	0	0	0	1	0	0	0	0	1
1000	1	0	0	0	0	1	0	0	0	0	1	0	0	0	0	1

配合:		0


1	1
全型舟预拼-1/标准舟节-1
标准舟节岸上准备
没有标记
sound\全形舟横向连接预拼1.mp3

舟节下水前，对标准舟节进行全面检查(包括杂物的去除，螺孔的清理和舟体整体变形情况的检查）；舟体一侧横向接头旋塞拧紧，另一侧连接面横向接头旋塞旋出，安装上螺柱钩。

起始状态: 隐藏		终止状态: 显示		移动节点: 1
1000	1	0	0	0	0	1	0	0	0	0	1	0	0	0	0	1
1000	1	0	0	0	0	1	0	0	0	0	1	0	0	0	0	1

配合:		0


1	1
横向接头旋塞-2
标准舟节岸上准备
没有标记
sound\全形舟横向连接预拼1.mp3

舟节下水前，对标准舟节进行全面检查(包括杂物的去除，螺孔的清理和舟体整体变形情况的检查）；舟体一侧横向接头旋塞拧紧，另一侧连接面横向接头旋塞旋出，安装上螺柱钩。

起始状态: 隐藏		终止状态: 显示		移动节点: 1
1000	1	0	0	0	0	1	0	0	0	0	1	0	0	0	0	1
1000	1	0	0	0	0	1	0	0	0	0	1	0	0	0	0	1

配合:		0


2	1
横向接头旋塞-1
拧出横向接头旋塞
没有标记
sound\全形舟横向连接预拼2.mp3

标准舟节的横向接头是一碗形装置，碗底有一螺旋孔，平时上有螺旋塞以防浸水锈蚀，碗口有带孔扣板，孔型左大右小。拼组时先将一舟的螺旋塞旋出。

起始状态: 显示		终止状态: 隐藏		移动节点: 1
1500	1	0	0	0	0	1	0	0	0	0	1	0	0	0	0	1
1500	1	0	0	0	0	1	0	0	0	0	1	0	0	-1	0	1

配合:		0


2	1
横向接头旋塞-2
拧出横向接头旋塞
没有标记
sound\全形舟横向连接预拼2.mp3

标准舟节的横向接头是一碗形装置，碗底有一螺旋孔，平时上有螺旋塞以防浸水锈蚀，碗口有带孔扣板，孔型左大右小。拼组时先将一舟的螺旋塞旋出。

起始状态: 显示		终止状态: 隐藏		移动节点: 1
1500	1	0	0	0	0	1	0	0	0	0	1	0	0	0	0	1
1500	1	0	0	0	0	1	0	0	0	0	1	0	0	-1	0	1

配合:		0


3	1
螺柱钩-2
安装螺柱钩
没有标记
sound\全形舟横向连接预拼3.mp3

将标准舟节的横向接头旋塞旋出后，装入螺柱钩。

起始状态: 隐藏		终止状态: 显示		移动节点: 1
1500	1	0	0	0	0	1	0	0	0	0	1	0	0	-1	0	1
1500	1	0	0	0	0	1	0	0	0	0	1	0	0	0	0	1

配合:		0


3	1
螺柱钩-1
安装螺柱钩
没有标记
sound\全形舟横向连接预拼3.mp3

将标准舟节的横向接头旋塞旋出后，装入螺柱钩。

起始状态: 隐藏		终止状态: 显示		移动节点: 1
1500	1	0	0	0	0	1	0	0	0	0	1	0	0	-1	0	1
1500	1	0	0	0	0	1	0	0	0	0	1	0	0	0	0	1

配合:		0


4	1
全型舟预拼-1/标准舟节-1
拼组完成全形舟
没有标记
sound\全形舟横向连接预拼4.mp3

水中拼组完成全形舟。

起始状态: 隐藏		终止状态: 显示		移动节点: 1
1500	1	0	0	0	0	1	0	0	0	0	1	0	0	4	0	1
1500	1	0	0	0	0	1	0	0	0	0	1	0	0	0	0	1

配合:		0


4	1
全型舟预拼-1/标准舟节-3
拼组完成全形舟
没有标记
sound\全形舟横向连接预拼4.mp3

水中拼组完成全形舟。

起始状态: 隐藏		终止状态: 显示		移动节点: 1
1500	1	0	0	0	0	1	0	0	0	0	1	0	0	4	0	1
1500	1	0	0	0	0	1	0	0	0	0	1	0	0	0	0	1

配合:		0


4	1
横向接头旋塞-6
拼组完成全形舟
没有标记
sound\全形舟横向连接预拼4.mp3

水中拼组完成全形舟。

起始状态: 隐藏		终止状态: 显示		移动节点: 1
1500	1	0	0	0	0	1	0	0	0	0	1	0	0	0	4	1
1500	1	0	0	0	0	1	0	0	0	0	1	0	0	0	0	1

配合:		0


4	1
螺柱钩-2
拼组完成全形舟
没有标记
sound\全形舟横向连接预拼4.mp3

水中拼组完成全形舟。

起始状态: 隐藏		终止状态: 显示		移动节点: 1
1500	1	0	0	0	0	1	0	0	0	0	1	0	4	0	0	1
1500	1	0	0	0	0	1	0	0	0	0	1	0	0	0	0	1

配合:		0


4	1
螺柱钩-1
拼组完成全形舟
没有标记
sound\全形舟横向连接预拼4.mp3

水中拼组完成全形舟。

起始状态: 隐藏		终止状态: 显示		移动节点: 1
1500	1	0	0	0	0	1	0	0	0	0	1	0	4	0	0	1
1500	1	0	0	0	0	1	0	0	0	0	1	0	0	0	0	1

配合:		0


4	1
螺柱钩-4
拼组完成全形舟
没有标记
sound\全形舟横向连接预拼4.mp3

水中拼组完成全形舟。

起始状态: 隐藏		终止状态: 显示		移动节点: 1
1500	1	0	0	0	0	1	0	0	0	0	1	0	4	0	0	1
1500	1	0	0	0	0	1	0	0	0	0	1	0	0	0	0	1

配合:		0


4	1
螺柱钩-5
拼组完成全形舟
没有标记
sound\全形舟横向连接预拼4.mp3

水中拼组完成全形舟。

起始状态: 隐藏		终止状态: 显示		移动节点: 1
1500	1	0	0	0	0	1	0	0	0	0	1	0	4	0	0	1
1500	1	0	0	0	0	1	0	0	0	0	1	0	0	0	0	1

配合:		0


4	1
横向接头旋塞-3
拼组完成全形舟
没有标记
sound\全形舟横向连接预拼4.mp3

水中拼组完成全形舟。

起始状态: 隐藏		终止状态: 显示		移动节点: 1
1500	1	0	0	0	0	1	0	0	0	0	1	0	0	0	4	1
1500	1	0	0	0	0	1	0	0	0	0	1	0	0	0	0	1

配合:		0


4	1
螺柱钩-3
拼组完成全形舟
没有标记
sound\全形舟横向连接预拼4.mp3

水中拼组完成全形舟。

起始状态: 隐藏		终止状态: 显示		移动节点: 1
1500	1	0	0	0	0	1	0	0	0	0	1	0	4	0	0	1
1500	1	0	0	0	0	1	0	0	0	0	1	0	0	0	0	1

配合:		0


4	1
横向接头旋塞-4
拼组完成全形舟
没有标记
sound\全形舟横向连接预拼4.mp3

水中拼组完成全形舟。

起始状态: 隐藏		终止状态: 显示		移动节点: 1
1500	1	0	0	0	0	1	0	0	0	0	1	0	0	0	4	1
1500	1	0	0	0	0	1	0	0	0	0	1	0	0	0	0	1

配合:		0


4	1
全型舟预拼-1/分水节-1
拼组完成全形舟
没有标记
sound\全形舟横向连接预拼4.mp3

水中拼组完成全形舟。

起始状态: 隐藏		终止状态: 显示		移动节点: 1
1500	1	0	0	0	0	1	0	0	0	0	1	0	0	4	0	1
1500	1	0	0	0	0	1	0	0	0	0	1	0	0	0	0	1

配合:		0


4	1
横向接头旋塞-5
拼组完成全形舟
没有标记
sound\全形舟横向连接预拼4.mp3

水中拼组完成全形舟。

起始状态: 隐藏		终止状态: 显示		移动节点: 1
1500	1	0	0	0	0	1	0	0	0	0	1	0	0	0	4	1
1500	1	0	0	0	0	1	0	0	0	0	1	0	0	0	0	1

配合:		0


4	1
全型舟预拼-1/标准舟节-2
拼组完成全形舟
没有标记
sound\全形舟横向连接预拼4.mp3

水中拼组完成全形舟。

起始状态: 隐藏		终止状态: 显示		移动节点: 1
1500	1	0	0	0	0	1	0	0	0	0	1	0	0	4	0	1
1500	1	0	0	0	0	1	0	0	0	0	1	0	0	0	0	1

配合:		0


4	1
螺柱钩-6
拼组完成全形舟
没有标记
sound\全形舟横向连接预拼4.mp3

水中拼组完成全形舟。

起始状态: 隐藏		终止状态: 显示		移动节点: 1
1500	1	0	0	0	0	1	0	0	0	0	1	0	4	0	0	1
1500	1	0	0	0	0	1	0	0	0	0	1	0	0	0	0	1

配合:		0


5	1
全型舟预拼-2
两条全形舟横向连接
没有标记
sound\全形舟横向连接预拼5.mp3

两条全形舟在水面时，先检查全形舟是否为一直线，否则调整纵向连接的拉紧螺栓。然后由四人用撑篙和拼舟具将两舟斜向对拉，此时注意保持舟体平衡，拉近后可蹲下用手拉，使螺柱钩头部进到另一舟的横向接头的碗口内，同时两舟继续运动，使螺柱钩滑入扣板。滑不动时，可用撬棍撬动带缆桩，使螺柱钩滑入扣板。当连接发生困难时，应及时检查，查明原因，立即处理，必要时可将螺柱钩拧松半圈。两舟靠近时，禁止脚踏两舟，防止两舟分开时落水。连接时，两舟必须保持平衡，否则螺柱钩就进不到接头碗口里面去，因此除上述四名作业手外还须四名平衡人员，站在两舟外侧。两条全形舟合拢后，四名作业手、四名平衡人员同时上舷缘角螺栓，每个标准舟节上六个。发现舷缘螺栓上不上时，检查标准舟节两端拉紧螺栓是否松紧不匀，可将拉紧螺栓稍微放松，待舷缘螺栓上好后，再将拉紧螺栓均匀拧紧。

起始状态: 隐藏		终止状态: 显示		移动节点: 4
2000	1	0	0	0	0	1	0	0	0	0	1	0	-4	0	3	1
2000	1	0	0	0	0	1	0	0	0	0	1	0	-3	0	2	1
2000	1	0	0	0	0	1	0	0	0	0	1	0	-2	0	1	1
2000	1	0	0	0	0	1	0	0	0	0	1	0	-1	0	0	1
2000	1	0	0	0	0	1	0	0	0	0	1	0	0	0	0	1

配合:		0


5	2
垫圈M22-9
两条全形舟横向连接
没有标记
sound\全形舟横向连接预拼5.mp3

两条全形舟在水面时，先检查全形舟是否为一直线，否则调整纵向连接的拉紧螺栓。然后由四人用撑篙和拼舟具将两舟斜向对拉，此时注意保持舟体平衡，拉近后可蹲下用手拉，使螺柱钩头部进到另一舟的横向接头的碗口内，同时两舟继续运动，使螺柱钩滑入扣板。滑不动时，可用撬棍撬动带缆桩，使螺柱钩滑入扣板。当连接发生困难时，应及时检查，查明原因，立即处理，必要时可将螺柱钩拧松半圈。两舟靠近时，禁止脚踏两舟，防止两舟分开时落水。连接时，两舟必须保持平衡，否则螺柱钩就进不到接头碗口里面去，因此除上述四名作业手外还须四名平衡人员，站在两舟外侧。两条全形舟合拢后，四名作业手、四名平衡人员同时上舷缘角螺栓，每个标准舟节上六个。发现舷缘螺栓上不上时，检查标准舟节两端拉紧螺栓是否松紧不匀，可将拉紧螺栓稍微放松，待舷缘螺栓上好后，再将拉紧螺栓均匀拧紧。

起始状态: 隐藏		终止状态: 显示		移动节点: 1
1000	1	0	0	0	0	1	0	0	0	0	1	0	-0.3	0	0	1
1000	1	0	0	0	0	1	0	0	0	0	1	0	0	0	0	1

配合:		0


5	2
M22x55-24
两条全形舟横向连接
没有标记
sound\全形舟横向连接预拼5.mp3

两条全形舟在水面时，先检查全形舟是否为一直线，否则调整纵向连接的拉紧螺栓。然后由四人用撑篙和拼舟具将两舟斜向对拉，此时注意保持舟体平衡，拉近后可蹲下用手拉，使螺柱钩头部进到另一舟的横向接头的碗口内，同时两舟继续运动，使螺柱钩滑入扣板。滑不动时，可用撬棍撬动带缆桩，使螺柱钩滑入扣板。当连接发生困难时，应及时检查，查明原因，立即处理，必要时可将螺柱钩拧松半圈。两舟靠近时，禁止脚踏两舟，防止两舟分开时落水。连接时，两舟必须保持平衡，否则螺柱钩就进不到接头碗口里面去，因此除上述四名作业手外还须四名平衡人员，站在两舟外侧。两条全形舟合拢后，四名作业手、四名平衡人员同时上舷缘角螺栓，每个标准舟节上六个。发现舷缘螺栓上不上时，检查标准舟节两端拉紧螺栓是否松紧不匀，可将拉紧螺栓稍微放松，待舷缘螺栓上好后，再将拉紧螺栓均匀拧紧。

起始状态: 隐藏		终止状态: 显示		移动节点: 1
1000	1	0	0	0	0	1	0	0	0	0	1	0	-0.3	0	0	1
1000	1	0	0	0	0	1	0	0	0	0	1	0	0	0	0	1

配合:		0


5	2
M22螺母-19
两条全形舟横向连接
没有标记
sound\全形舟横向连接预拼5.mp3

两条全形舟在水面时，先检查全形舟是否为一直线，否则调整纵向连接的拉紧螺栓。然后由四人用撑篙和拼舟具将两舟斜向对拉，此时注意保持舟体平衡，拉近后可蹲下用手拉，使螺柱钩头部进到另一舟的横向接头的碗口内，同时两舟继续运动，使螺柱钩滑入扣板。滑不动时，可用撬棍撬动带缆桩，使螺柱钩滑入扣板。当连接发生困难时，应及时检查，查明原因，立即处理，必要时可将螺柱钩拧松半圈。两舟靠近时，禁止脚踏两舟，防止两舟分开时落水。连接时，两舟必须保持平衡，否则螺柱钩就进不到接头碗口里面去，因此除上述四名作业手外还须四名平衡人员，站在两舟外侧。两条全形舟合拢后，四名作业手、四名平衡人员同时上舷缘角螺栓，每个标准舟节上六个。发现舷缘螺栓上不上时，检查标准舟节两端拉紧螺栓是否松紧不匀，可将拉紧螺栓稍微放松，待舷缘螺栓上好后，再将拉紧螺栓均匀拧紧。

起始状态: 隐藏		终止状态: 显示		移动节点: 1
1000	1	0	0	0	0	1	0	0	0	0	1	0	0	0	0.3	1
1000	1	0	0	0	0	1	0	0	0	0	1	0	0	0	0	1

配合:		0


5	2
垫圈M22-8
两条全形舟横向连接
没有标记
sound\全形舟横向连接预拼5.mp3

两条全形舟在水面时，先检查全形舟是否为一直线，否则调整纵向连接的拉紧螺栓。然后由四人用撑篙和拼舟具将两舟斜向对拉，此时注意保持舟体平衡，拉近后可蹲下用手拉，使螺柱钩头部进到另一舟的横向接头的碗口内，同时两舟继续运动，使螺柱钩滑入扣板。滑不动时，可用撬棍撬动带缆桩，使螺柱钩滑入扣板。当连接发生困难时，应及时检查，查明原因，立即处理，必要时可将螺柱钩拧松半圈。两舟靠近时，禁止脚踏两舟，防止两舟分开时落水。连接时，两舟必须保持平衡，否则螺柱钩就进不到接头碗口里面去，因此除上述四名作业手外还须四名平衡人员，站在两舟外侧。两条全形舟合拢后，四名作业手、四名平衡人员同时上舷缘角螺栓，每个标准舟节上六个。发现舷缘螺栓上不上时，检查标准舟节两端拉紧螺栓是否松紧不匀，可将拉紧螺栓稍微放松，待舷缘螺栓上好后，再将拉紧螺栓均匀拧紧。

起始状态: 隐藏		终止状态: 显示		移动节点: 1
1000	1	0	0	0	0	1	0	0	0	0	1	0	-0.3	0	0	1
1000	1	0	0	0	0	1	0	0	0	0	1	0	0	0	0	1

配合:		0


5	2
M22x55-23
两条全形舟横向连接
没有标记
sound\全形舟横向连接预拼5.mp3

两条全形舟在水面时，先检查全形舟是否为一直线，否则调整纵向连接的拉紧螺栓。然后由四人用撑篙和拼舟具将两舟斜向对拉，此时注意保持舟体平衡，拉近后可蹲下用手拉，使螺柱钩头部进到另一舟的横向接头的碗口内，同时两舟继续运动，使螺柱钩滑入扣板。滑不动时，可用撬棍撬动带缆桩，使螺柱钩滑入扣板。当连接发生困难时，应及时检查，查明原因，立即处理，必要时可将螺柱钩拧松半圈。两舟靠近时，禁止脚踏两舟，防止两舟分开时落水。连接时，两舟必须保持平衡，否则螺柱钩就进不到接头碗口里面去，因此除上述四名作业手外还须四名平衡人员，站在两舟外侧。两条全形舟合拢后，四名作业手、四名平衡人员同时上舷缘角螺栓，每个标准舟节上六个。发现舷缘螺栓上不上时，检查标准舟节两端拉紧螺栓是否松紧不匀，可将拉紧螺栓稍微放松，待舷缘螺栓上好后，再将拉紧螺栓均匀拧紧。

起始状态: 隐藏		终止状态: 显示		移动节点: 1
1000	1	0	0	0	0	1	0	0	0	0	1	0	-0.3	0	0	1
1000	1	0	0	0	0	1	0	0	0	0	1	0	0	0	0	1

配合:		0


5	2
M22螺母-20
两条全形舟横向连接
没有标记
sound\全形舟横向连接预拼5.mp3

两条全形舟在水面时，先检查全形舟是否为一直线，否则调整纵向连接的拉紧螺栓。然后由四人用撑篙和拼舟具将两舟斜向对拉，此时注意保持舟体平衡，拉近后可蹲下用手拉，使螺柱钩头部进到另一舟的横向接头的碗口内，同时两舟继续运动，使螺柱钩滑入扣板。滑不动时，可用撬棍撬动带缆桩，使螺柱钩滑入扣板。当连接发生困难时，应及时检查，查明原因，立即处理，必要时可将螺柱钩拧松半圈。两舟靠近时，禁止脚踏两舟，防止两舟分开时落水。连接时，两舟必须保持平衡，否则螺柱钩就进不到接头碗口里面去，因此除上述四名作业手外还须四名平衡人员，站在两舟外侧。两条全形舟合拢后，四名作业手、四名平衡人员同时上舷缘角螺栓，每个标准舟节上六个。发现舷缘螺栓上不上时，检查标准舟节两端拉紧螺栓是否松紧不匀，可将拉紧螺栓稍微放松，待舷缘螺栓上好后，再将拉紧螺栓均匀拧紧。

起始状态: 隐藏		终止状态: 显示		移动节点: 1
1000	1	0	0	0	0	1	0	0	0	0	1	0	0	0	0.3	1
1000	1	0	0	0	0	1	0	0	0	0	1	0	0	0	0	1

配合:		0


5	3
M22x55-25
两条全形舟横向连接
没有标记
sound\全形舟横向连接预拼5.mp3

两条全形舟在水面时，先检查全形舟是否为一直线，否则调整纵向连接的拉紧螺栓。然后由四人用撑篙和拼舟具将两舟斜向对拉，此时注意保持舟体平衡，拉近后可蹲下用手拉，使螺柱钩头部进到另一舟的横向接头的碗口内，同时两舟继续运动，使螺柱钩滑入扣板。滑不动时，可用撬棍撬动带缆桩，使螺柱钩滑入扣板。当连接发生困难时，应及时检查，查明原因，立即处理，必要时可将螺柱钩拧松半圈。两舟靠近时，禁止脚踏两舟，防止两舟分开时落水。连接时，两舟必须保持平衡，否则螺柱钩就进不到接头碗口里面去，因此除上述四名作业手外还须四名平衡人员，站在两舟外侧。两条全形舟合拢后，四名作业手、四名平衡人员同时上舷缘角螺栓，每个标准舟节上六个。发现舷缘螺栓上不上时，检查标准舟节两端拉紧螺栓是否松紧不匀，可将拉紧螺栓稍微放松，待舷缘螺栓上好后，再将拉紧螺栓均匀拧紧。

起始状态: 隐藏		终止状态: 显示		移动节点: 1
1000	1	0	0	0	0	1	0	0	0	0	1	0	-0.3	0	0	1
1000	1	0	0	0	0	1	0	0	0	0	1	0	0	0	0	1

配合:		0


5	3
M22螺母-21
两条全形舟横向连接
没有标记
sound\全形舟横向连接预拼5.mp3

两条全形舟在水面时，先检查全形舟是否为一直线，否则调整纵向连接的拉紧螺栓。然后由四人用撑篙和拼舟具将两舟斜向对拉，此时注意保持舟体平衡，拉近后可蹲下用手拉，使螺柱钩头部进到另一舟的横向接头的碗口内，同时两舟继续运动，使螺柱钩滑入扣板。滑不动时，可用撬棍撬动带缆桩，使螺柱钩滑入扣板。当连接发生困难时，应及时检查，查明原因，立即处理，必要时可将螺柱钩拧松半圈。两舟靠近时，禁止脚踏两舟，防止两舟分开时落水。连接时，两舟必须保持平衡，否则螺柱钩就进不到接头碗口里面去，因此除上述四名作业手外还须四名平衡人员，站在两舟外侧。两条全形舟合拢后，四名作业手、四名平衡人员同时上舷缘角螺栓，每个标准舟节上六个。发现舷缘螺栓上不上时，检查标准舟节两端拉紧螺栓是否松紧不匀，可将拉紧螺栓稍微放松，待舷缘螺栓上好后，再将拉紧螺栓均匀拧紧。

起始状态: 隐藏		终止状态: 显示		移动节点: 1
1000	1	0	0	0	0	1	0	0	0	0	1	0	0	0	0.3	1
1000	1	0	0	0	0	1	0	0	0	0	1	0	0	0	0	1

配合:		0


5	3
垫圈M22-10
两条全形舟横向连接
没有标记
sound\全形舟横向连接预拼5.mp3

两条全形舟在水面时，先检查全形舟是否为一直线，否则调整纵向连接的拉紧螺栓。然后由四人用撑篙和拼舟具将两舟斜向对拉，此时注意保持舟体平衡，拉近后可蹲下用手拉，使螺柱钩头部进到另一舟的横向接头的碗口内，同时两舟继续运动，使螺柱钩滑入扣板。滑不动时，可用撬棍撬动带缆桩，使螺柱钩滑入扣板。当连接发生困难时，应及时检查，查明原因，立即处理，必要时可将螺柱钩拧松半圈。两舟靠近时，禁止脚踏两舟，防止两舟分开时落水。连接时，两舟必须保持平衡，否则螺柱钩就进不到接头碗口里面去，因此除上述四名作业手外还须四名平衡人员，站在两舟外侧。两条全形舟合拢后，四名作业手、四名平衡人员同时上舷缘角螺栓，每个标准舟节上六个。发现舷缘螺栓上不上时，检查标准舟节两端拉紧螺栓是否松紧不匀，可将拉紧螺栓稍微放松，待舷缘螺栓上好后，再将拉紧螺栓均匀拧紧。

起始状态: 隐藏		终止状态: 显示		移动节点: 1
1000	1	0	0	0	0	1	0	0	0	0	1	0	-0.3	0	0	1
1000	1	0	0	0	0	1	0	0	0	0	1	0	0	0	0	1

配合:		0


5	3
M22x55-26
两条全形舟横向连接
没有标记
sound\全形舟横向连接预拼5.mp3

两条全形舟在水面时，先检查全形舟是否为一直线，否则调整纵向连接的拉紧螺栓。然后由四人用撑篙和拼舟具将两舟斜向对拉，此时注意保持舟体平衡，拉近后可蹲下用手拉，使螺柱钩头部进到另一舟的横向接头的碗口内，同时两舟继续运动，使螺柱钩滑入扣板。滑不动时，可用撬棍撬动带缆桩，使螺柱钩滑入扣板。当连接发生困难时，应及时检查，查明原因，立即处理，必要时可将螺柱钩拧松半圈。两舟靠近时，禁止脚踏两舟，防止两舟分开时落水。连接时，两舟必须保持平衡，否则螺柱钩就进不到接头碗口里面去，因此除上述四名作业手外还须四名平衡人员，站在两舟外侧。两条全形舟合拢后，四名作业手、四名平衡人员同时上舷缘角螺栓，每个标准舟节上六个。发现舷缘螺栓上不上时，检查标准舟节两端拉紧螺栓是否松紧不匀，可将拉紧螺栓稍微放松，待舷缘螺栓上好后，再将拉紧螺栓均匀拧紧。

起始状态: 隐藏		终止状态: 显示		移动节点: 1
1000	1	0	0	0	0	1	0	0	0	0	1	0	-0.3	0	0	1
1000	1	0	0	0	0	1	0	0	0	0	1	0	0	0	0	1

配合:		0


5	3
M22螺母-22
两条全形舟横向连接
没有标记
sound\全形舟横向连接预拼5.mp3

两条全形舟在水面时，先检查全形舟是否为一直线，否则调整纵向连接的拉紧螺栓。然后由四人用撑篙和拼舟具将两舟斜向对拉，此时注意保持舟体平衡，拉近后可蹲下用手拉，使螺柱钩头部进到另一舟的横向接头的碗口内，同时两舟继续运动，使螺柱钩滑入扣板。滑不动时，可用撬棍撬动带缆桩，使螺柱钩滑入扣板。当连接发生困难时，应及时检查，查明原因，立即处理，必要时可将螺柱钩拧松半圈。两舟靠近时，禁止脚踏两舟，防止两舟分开时落水。连接时，两舟必须保持平衡，否则螺柱钩就进不到接头碗口里面去，因此除上述四名作业手外还须四名平衡人员，站在两舟外侧。两条全形舟合拢后，四名作业手、四名平衡人员同时上舷缘角螺栓，每个标准舟节上六个。发现舷缘螺栓上不上时，检查标准舟节两端拉紧螺栓是否松紧不匀，可将拉紧螺栓稍微放松，待舷缘螺栓上好后，再将拉紧螺栓均匀拧紧。

起始状态: 隐藏		终止状态: 显示		移动节点: 1
1000	1	0	0	0	0	1	0	0	0	0	1	0	0	0	0.3	1
1000	1	0	0	0	0	1	0	0	0	0	1	0	0	0	0	1

配合:		0


5	3
垫圈M22-11
两条全形舟横向连接
没有标记
sound\全形舟横向连接预拼5.mp3

两条全形舟在水面时，先检查全形舟是否为一直线，否则调整纵向连接的拉紧螺栓。然后由四人用撑篙和拼舟具将两舟斜向对拉，此时注意保持舟体平衡，拉近后可蹲下用手拉，使螺柱钩头部进到另一舟的横向接头的碗口内，同时两舟继续运动，使螺柱钩滑入扣板。滑不动时，可用撬棍撬动带缆桩，使螺柱钩滑入扣板。当连接发生困难时，应及时检查，查明原因，立即处理，必要时可将螺柱钩拧松半圈。两舟靠近时，禁止脚踏两舟，防止两舟分开时落水。连接时，两舟必须保持平衡，否则螺柱钩就进不到接头碗口里面去，因此除上述四名作业手外还须四名平衡人员，站在两舟外侧。两条全形舟合拢后，四名作业手、四名平衡人员同时上舷缘角螺栓，每个标准舟节上六个。发现舷缘螺栓上不上时，检查标准舟节两端拉紧螺栓是否松紧不匀，可将拉紧螺栓稍微放松，待舷缘螺栓上好后，再将拉紧螺栓均匀拧紧。

起始状态: 隐藏		终止状态: 显示		移动节点: 1
1000	1	0	0	0	0	1	0	0	0	0	1	0	-0.3	0	0	1
1000	1	0	0	0	0	1	0	0	0	0	1	0	0	0	0	1

配合:		0


5	4
垫圈M22-12
两条全形舟横向连接
没有标记
sound\全形舟横向连接预拼5.mp3

两条全形舟在水面时，先检查全形舟是否为一直线，否则调整纵向连接的拉紧螺栓。然后由四人用撑篙和拼舟具将两舟斜向对拉，此时注意保持舟体平衡，拉近后可蹲下用手拉，使螺柱钩头部进到另一舟的横向接头的碗口内，同时两舟继续运动，使螺柱钩滑入扣板。滑不动时，可用撬棍撬动带缆桩，使螺柱钩滑入扣板。当连接发生困难时，应及时检查，查明原因，立即处理，必要时可将螺柱钩拧松半圈。两舟靠近时，禁止脚踏两舟，防止两舟分开时落水。连接时，两舟必须保持平衡，否则螺柱钩就进不到接头碗口里面去，因此除上述四名作业手外还须四名平衡人员，站在两舟外侧。两条全形舟合拢后，四名作业手、四名平衡人员同时上舷缘角螺栓，每个标准舟节上六个。发现舷缘螺栓上不上时，检查标准舟节两端拉紧螺栓是否松紧不匀，可将拉紧螺栓稍微放松，待舷缘螺栓上好后，再将拉紧螺栓均匀拧紧。

起始状态: 隐藏		终止状态: 显示		移动节点: 1
1000	1	0	0	0	0	1	0	0	0	0	1	0	-0.3	0	0	1
1000	1	0	0	0	0	1	0	0	0	0	1	0	0	0	0	1

配合:		0


5	4
垫圈M22-13
两条全形舟横向连接
没有标记
sound\全形舟横向连接预拼5.mp3

两条全形舟在水面时，先检查全形舟是否为一直线，否则调整纵向连接的拉紧螺栓。然后由四人用撑篙和拼舟具将两舟斜向对拉，此时注意保持舟体平衡，拉近后可蹲下用手拉，使螺柱钩头部进到另一舟的横向接头的碗口内，同时两舟继续运动，使螺柱钩滑入扣板。滑不动时，可用撬棍撬动带缆桩，使螺柱钩滑入扣板。当连接发生困难时，应及时检查，查明原因，立即处理，必要时可将螺柱钩拧松半圈。两舟靠近时，禁止脚踏两舟，防止两舟分开时落水。连接时，两舟必须保持平衡，否则螺柱钩就进不到接头碗口里面去，因此除上述四名作业手外还须四名平衡人员，站在两舟外侧。两条全形舟合拢后，四名作业手、四名平衡人员同时上舷缘角螺栓，每个标准舟节上六个。发现舷缘螺栓上不上时，检查标准舟节两端拉紧螺栓是否松紧不匀，可将拉紧螺栓稍微放松，待舷缘螺栓上好后，再将拉紧螺栓均匀拧紧。

起始状态: 隐藏		终止状态: 显示		移动节点: 1
1000	1	0	0	0	0	1	0	0	0	0	1	0	-0.3	0	0	1
1000	1	0	0	0	0	1	0	0	0	0	1	0	0	0	0	1

配合:		0


5	4
M22螺母-24
两条全形舟横向连接
没有标记
sound\全形舟横向连接预拼5.mp3

两条全形舟在水面时，先检查全形舟是否为一直线，否则调整纵向连接的拉紧螺栓。然后由四人用撑篙和拼舟具将两舟斜向对拉，此时注意保持舟体平衡，拉近后可蹲下用手拉，使螺柱钩头部进到另一舟的横向接头的碗口内，同时两舟继续运动，使螺柱钩滑入扣板。滑不动时，可用撬棍撬动带缆桩，使螺柱钩滑入扣板。当连接发生困难时，应及时检查，查明原因，立即处理，必要时可将螺柱钩拧松半圈。两舟靠近时，禁止脚踏两舟，防止两舟分开时落水。连接时，两舟必须保持平衡，否则螺柱钩就进不到接头碗口里面去，因此除上述四名作业手外还须四名平衡人员，站在两舟外侧。两条全形舟合拢后，四名作业手、四名平衡人员同时上舷缘角螺栓，每个标准舟节上六个。发现舷缘螺栓上不上时，检查标准舟节两端拉紧螺栓是否松紧不匀，可将拉紧螺栓稍微放松，待舷缘螺栓上好后，再将拉紧螺栓均匀拧紧。

起始状态: 隐藏		终止状态: 显示		移动节点: 1
1000	1	0	0	0	0	1	0	0	0	0	1	0	0	0	0.3	1
1000	1	0	0	0	0	1	0	0	0	0	1	0	0	0	0	1

配合:		0


5	4
M22x55-27
两条全形舟横向连接
没有标记
sound\全形舟横向连接预拼5.mp3

两条全形舟在水面时，先检查全形舟是否为一直线，否则调整纵向连接的拉紧螺栓。然后由四人用撑篙和拼舟具将两舟斜向对拉，此时注意保持舟体平衡，拉近后可蹲下用手拉，使螺柱钩头部进到另一舟的横向接头的碗口内，同时两舟继续运动，使螺柱钩滑入扣板。滑不动时，可用撬棍撬动带缆桩，使螺柱钩滑入扣板。当连接发生困难时，应及时检查，查明原因，立即处理，必要时可将螺柱钩拧松半圈。两舟靠近时，禁止脚踏两舟，防止两舟分开时落水。连接时，两舟必须保持平衡，否则螺柱钩就进不到接头碗口里面去，因此除上述四名作业手外还须四名平衡人员，站在两舟外侧。两条全形舟合拢后，四名作业手、四名平衡人员同时上舷缘角螺栓，每个标准舟节上六个。发现舷缘螺栓上不上时，检查标准舟节两端拉紧螺栓是否松紧不匀，可将拉紧螺栓稍微放松，待舷缘螺栓上好后，再将拉紧螺栓均匀拧紧。

起始状态: 隐藏		终止状态: 显示		移动节点: 1
1000	1	0	0	0	0	1	0	0	0	0	1	0	-0.3	0	0	1
1000	1	0	0	0	0	1	0	0	0	0	1	0	0	0	0	1

配合:		0


5	4
M22螺母-23
两条全形舟横向连接
没有标记
sound\全形舟横向连接预拼5.mp3

两条全形舟在水面时，先检查全形舟是否为一直线，否则调整纵向连接的拉紧螺栓。然后由四人用撑篙和拼舟具将两舟斜向对拉，此时注意保持舟体平衡，拉近后可蹲下用手拉，使螺柱钩头部进到另一舟的横向接头的碗口内，同时两舟继续运动，使螺柱钩滑入扣板。滑不动时，可用撬棍撬动带缆桩，使螺柱钩滑入扣板。当连接发生困难时，应及时检查，查明原因，立即处理，必要时可将螺柱钩拧松半圈。两舟靠近时，禁止脚踏两舟，防止两舟分开时落水。连接时，两舟必须保持平衡，否则螺柱钩就进不到接头碗口里面去，因此除上述四名作业手外还须四名平衡人员，站在两舟外侧。两条全形舟合拢后，四名作业手、四名平衡人员同时上舷缘角螺栓，每个标准舟节上六个。发现舷缘螺栓上不上时，检查标准舟节两端拉紧螺栓是否松紧不匀，可将拉紧螺栓稍微放松，待舷缘螺栓上好后，再将拉紧螺栓均匀拧紧。

起始状态: 隐藏		终止状态: 显示		移动节点: 1
1000	1	0	0	0	0	1	0	0	0	0	1	0	0	0	0.3	1
1000	1	0	0	0	0	1	0	0	0	0	1	0	0	0	0	1

配合:		0


5	4
M22x55-28
两条全形舟横向连接
没有标记
sound\全形舟横向连接预拼5.mp3

两条全形舟在水面时，先检查全形舟是否为一直线，否则调整纵向连接的拉紧螺栓。然后由四人用撑篙和拼舟具将两舟斜向对拉，此时注意保持舟体平衡，拉近后可蹲下用手拉，使螺柱钩头部进到另一舟的横向接头的碗口内，同时两舟继续运动，使螺柱钩滑入扣板。滑不动时，可用撬棍撬动带缆桩，使螺柱钩滑入扣板。当连接发生困难时，应及时检查，查明原因，立即处理，必要时可将螺柱钩拧松半圈。两舟靠近时，禁止脚踏两舟，防止两舟分开时落水。连接时，两舟必须保持平衡，否则螺柱钩就进不到接头碗口里面去，因此除上述四名作业手外还须四名平衡人员，站在两舟外侧。两条全形舟合拢后，四名作业手、四名平衡人员同时上舷缘角螺栓，每个标准舟节上六个。发现舷缘螺栓上不上时，检查标准舟节两端拉紧螺栓是否松紧不匀，可将拉紧螺栓稍微放松，待舷缘螺栓上好后，再将拉紧螺栓均匀拧紧。

起始状态: 隐藏		终止状态: 显示		移动节点: 1
1000	1	0	0	0	0	1	0	0	0	0	1	0	-0.3	0	0	1
1000	1	0	0	0	0	1	0	0	0	0	1	0	0	0	0	1

配合:		0


5	5
垫圈M22-4
两条全形舟横向连接
没有标记
sound\全形舟横向连接预拼5.mp3

两条全形舟在水面时，先检查全形舟是否为一直线，否则调整纵向连接的拉紧螺栓。然后由四人用撑篙和拼舟具将两舟斜向对拉，此时注意保持舟体平衡，拉近后可蹲下用手拉，使螺柱钩头部进到另一舟的横向接头的碗口内，同时两舟继续运动，使螺柱钩滑入扣板。滑不动时，可用撬棍撬动带缆桩，使螺柱钩滑入扣板。当连接发生困难时，应及时检查，查明原因，立即处理，必要时可将螺柱钩拧松半圈。两舟靠近时，禁止脚踏两舟，防止两舟分开时落水。连接时，两舟必须保持平衡，否则螺柱钩就进不到接头碗口里面去，因此除上述四名作业手外还须四名平衡人员，站在两舟外侧。两条全形舟合拢后，四名作业手、四名平衡人员同时上舷缘角螺栓，每个标准舟节上六个。发现舷缘螺栓上不上时，检查标准舟节两端拉紧螺栓是否松紧不匀，可将拉紧螺栓稍微放松，待舷缘螺栓上好后，再将拉紧螺栓均匀拧紧。

起始状态: 隐藏		终止状态: 显示		移动节点: 1
1000	1	0	0	0	0	1	0	0	0	0	1	0	-0.3	0	0	1
1000	1	0	0	0	0	1	0	0	0	0	1	0	0	0	0	1

配合:		0


5	5
M22x55-1
两条全形舟横向连接
没有标记
sound\全形舟横向连接预拼5.mp3

两条全形舟在水面时，先检查全形舟是否为一直线，否则调整纵向连接的拉紧螺栓。然后由四人用撑篙和拼舟具将两舟斜向对拉，此时注意保持舟体平衡，拉近后可蹲下用手拉，使螺柱钩头部进到另一舟的横向接头的碗口内，同时两舟继续运动，使螺柱钩滑入扣板。滑不动时，可用撬棍撬动带缆桩，使螺柱钩滑入扣板。当连接发生困难时，应及时检查，查明原因，立即处理，必要时可将螺柱钩拧松半圈。两舟靠近时，禁止脚踏两舟，防止两舟分开时落水。连接时，两舟必须保持平衡，否则螺柱钩就进不到接头碗口里面去，因此除上述四名作业手外还须四名平衡人员，站在两舟外侧。两条全形舟合拢后，四名作业手、四名平衡人员同时上舷缘角螺栓，每个标准舟节上六个。发现舷缘螺栓上不上时，检查标准舟节两端拉紧螺栓是否松紧不匀，可将拉紧螺栓稍微放松，待舷缘螺栓上好后，再将拉紧螺栓均匀拧紧。

起始状态: 隐藏		终止状态: 显示		移动节点: 1
1000	1	0	0	0	0	1	0	0	0	0	1	0	-0.3	0	0	1
1000	1	0	0	0	0	1	0	0	0	0	1	0	0	0	0	1

配合:		0


5	5
垫圈M22-16
两条全形舟横向连接
没有标记
sound\全形舟横向连接预拼5.mp3

两条全形舟在水面时，先检查全形舟是否为一直线，否则调整纵向连接的拉紧螺栓。然后由四人用撑篙和拼舟具将两舟斜向对拉，此时注意保持舟体平衡，拉近后可蹲下用手拉，使螺柱钩头部进到另一舟的横向接头的碗口内，同时两舟继续运动，使螺柱钩滑入扣板。滑不动时，可用撬棍撬动带缆桩，使螺柱钩滑入扣板。当连接发生困难时，应及时检查，查明原因，立即处理，必要时可将螺柱钩拧松半圈。两舟靠近时，禁止脚踏两舟，防止两舟分开时落水。连接时，两舟必须保持平衡，否则螺柱钩就进不到接头碗口里面去，因此除上述四名作业手外还须四名平衡人员，站在两舟外侧。两条全形舟合拢后，四名作业手、四名平衡人员同时上舷缘角螺栓，每个标准舟节上六个。发现舷缘螺栓上不上时，检查标准舟节两端拉紧螺栓是否松紧不匀，可将拉紧螺栓稍微放松，待舷缘螺栓上好后，再将拉紧螺栓均匀拧紧。

起始状态: 隐藏		终止状态: 显示		移动节点: 1
1000	1	0	0	0	0	1	0	0	0	0	1	0	-0.3	0	0	1
1000	1	0	0	0	0	1	0	0	0	0	1	0	0	0	0	1

配合:		0


5	5
M22x55-21
两条全形舟横向连接
没有标记
sound\全形舟横向连接预拼5.mp3

两条全形舟在水面时，先检查全形舟是否为一直线，否则调整纵向连接的拉紧螺栓。然后由四人用撑篙和拼舟具将两舟斜向对拉，此时注意保持舟体平衡，拉近后可蹲下用手拉，使螺柱钩头部进到另一舟的横向接头的碗口内，同时两舟继续运动，使螺柱钩滑入扣板。滑不动时，可用撬棍撬动带缆桩，使螺柱钩滑入扣板。当连接发生困难时，应及时检查，查明原因，立即处理，必要时可将螺柱钩拧松半圈。两舟靠近时，禁止脚踏两舟，防止两舟分开时落水。连接时，两舟必须保持平衡，否则螺柱钩就进不到接头碗口里面去，因此除上述四名作业手外还须四名平衡人员，站在两舟外侧。两条全形舟合拢后，四名作业手、四名平衡人员同时上舷缘角螺栓，每个标准舟节上六个。发现舷缘螺栓上不上时，检查标准舟节两端拉紧螺栓是否松紧不匀，可将拉紧螺栓稍微放松，待舷缘螺栓上好后，再将拉紧螺栓均匀拧紧。

起始状态: 隐藏		终止状态: 显示		移动节点: 1
1000	1	0	0	0	0	1	0	0	0	0	1	0	-0.3	0	0	1
1000	1	0	0	0	0	1	0	0	0	0	1	0	0	0	0	1

配合:		0


5	5
M22x55-15
两条全形舟横向连接
没有标记
sound\全形舟横向连接预拼5.mp3

两条全形舟在水面时，先检查全形舟是否为一直线，否则调整纵向连接的拉紧螺栓。然后由四人用撑篙和拼舟具将两舟斜向对拉，此时注意保持舟体平衡，拉近后可蹲下用手拉，使螺柱钩头部进到另一舟的横向接头的碗口内，同时两舟继续运动，使螺柱钩滑入扣板。滑不动时，可用撬棍撬动带缆桩，使螺柱钩滑入扣板。当连接发生困难时，应及时检查，查明原因，立即处理，必要时可将螺柱钩拧松半圈。两舟靠近时，禁止脚踏两舟，防止两舟分开时落水。连接时，两舟必须保持平衡，否则螺柱钩就进不到接头碗口里面去，因此除上述四名作业手外还须四名平衡人员，站在两舟外侧。两条全形舟合拢后，四名作业手、四名平衡人员同时上舷缘角螺栓，每个标准舟节上六个。发现舷缘螺栓上不上时，检查标准舟节两端拉紧螺栓是否松紧不匀，可将拉紧螺栓稍微放松，待舷缘螺栓上好后，再将拉紧螺栓均匀拧紧。

起始状态: 隐藏		终止状态: 显示		移动节点: 1
1000	1	0	0	0	0	1	0	0	0	0	1	0	-0.3	0	0	1
1000	1	0	0	0	0	1	0	0	0	0	1	0	0	0	0	1

配合:		0


5	5
M22螺母-16
两条全形舟横向连接
没有标记
sound\全形舟横向连接预拼5.mp3

两条全形舟在水面时，先检查全形舟是否为一直线，否则调整纵向连接的拉紧螺栓。然后由四人用撑篙和拼舟具将两舟斜向对拉，此时注意保持舟体平衡，拉近后可蹲下用手拉，使螺柱钩头部进到另一舟的横向接头的碗口内，同时两舟继续运动，使螺柱钩滑入扣板。滑不动时，可用撬棍撬动带缆桩，使螺柱钩滑入扣板。当连接发生困难时，应及时检查，查明原因，立即处理，必要时可将螺柱钩拧松半圈。两舟靠近时，禁止脚踏两舟，防止两舟分开时落水。连接时，两舟必须保持平衡，否则螺柱钩就进不到接头碗口里面去，因此除上述四名作业手外还须四名平衡人员，站在两舟外侧。两条全形舟合拢后，四名作业手、四名平衡人员同时上舷缘角螺栓，每个标准舟节上六个。发现舷缘螺栓上不上时，检查标准舟节两端拉紧螺栓是否松紧不匀，可将拉紧螺栓稍微放松，待舷缘螺栓上好后，再将拉紧螺栓均匀拧紧。

起始状态: 隐藏		终止状态: 显示		移动节点: 1
1000	1	0	0	0	0	1	0	0	0	0	1	0	0	0	0.3	1
1000	1	0	0	0	0	1	0	0	0	0	1	0	0	0	0	1

配合:		0


5	5
M22螺母-14
两条全形舟横向连接
没有标记
sound\全形舟横向连接预拼5.mp3

两条全形舟在水面时，先检查全形舟是否为一直线，否则调整纵向连接的拉紧螺栓。然后由四人用撑篙和拼舟具将两舟斜向对拉，此时注意保持舟体平衡，拉近后可蹲下用手拉，使螺柱钩头部进到另一舟的横向接头的碗口内，同时两舟继续运动，使螺柱钩滑入扣板。滑不动时，可用撬棍撬动带缆桩，使螺柱钩滑入扣板。当连接发生困难时，应及时检查，查明原因，立即处理，必要时可将螺柱钩拧松半圈。两舟靠近时，禁止脚踏两舟，防止两舟分开时落水。连接时，两舟必须保持平衡，否则螺柱钩就进不到接头碗口里面去，因此除上述四名作业手外还须四名平衡人员，站在两舟外侧。两条全形舟合拢后，四名作业手、四名平衡人员同时上舷缘角螺栓，每个标准舟节上六个。发现舷缘螺栓上不上时，检查标准舟节两端拉紧螺栓是否松紧不匀，可将拉紧螺栓稍微放松，待舷缘螺栓上好后，再将拉紧螺栓均匀拧紧。

起始状态: 隐藏		终止状态: 显示		移动节点: 1
1000	1	0	0	0	0	1	0	0	0	0	1	0	0	0	0.3	1
1000	1	0	0	0	0	1	0	0	0	0	1	0	0	0	0	1

配合:		0


5	5
M22螺母-26
两条全形舟横向连接
没有标记
sound\全形舟横向连接预拼5.mp3

两条全形舟在水面时，先检查全形舟是否为一直线，否则调整纵向连接的拉紧螺栓。然后由四人用撑篙和拼舟具将两舟斜向对拉，此时注意保持舟体平衡，拉近后可蹲下用手拉，使螺柱钩头部进到另一舟的横向接头的碗口内，同时两舟继续运动，使螺柱钩滑入扣板。滑不动时，可用撬棍撬动带缆桩，使螺柱钩滑入扣板。当连接发生困难时，应及时检查，查明原因，立即处理，必要时可将螺柱钩拧松半圈。两舟靠近时，禁止脚踏两舟，防止两舟分开时落水。连接时，两舟必须保持平衡，否则螺柱钩就进不到接头碗口里面去，因此除上述四名作业手外还须四名平衡人员，站在两舟外侧。两条全形舟合拢后，四名作业手、四名平衡人员同时上舷缘角螺栓，每个标准舟节上六个。发现舷缘螺栓上不上时，检查标准舟节两端拉紧螺栓是否松紧不匀，可将拉紧螺栓稍微放松，待舷缘螺栓上好后，再将拉紧螺栓均匀拧紧。

起始状态: 隐藏		终止状态: 显示		移动节点: 1
1000	1	0	0	0	0	1	0	0	0	0	1	0	0	0	0.3	1
1000	1	0	0	0	0	1	0	0	0	0	1	0	0	0	0	1

配合:		0


5	5
垫圈M22-15
两条全形舟横向连接
没有标记
sound\全形舟横向连接预拼5.mp3

两条全形舟在水面时，先检查全形舟是否为一直线，否则调整纵向连接的拉紧螺栓。然后由四人用撑篙和拼舟具将两舟斜向对拉，此时注意保持舟体平衡，拉近后可蹲下用手拉，使螺柱钩头部进到另一舟的横向接头的碗口内，同时两舟继续运动，使螺柱钩滑入扣板。滑不动时，可用撬棍撬动带缆桩，使螺柱钩滑入扣板。当连接发生困难时，应及时检查，查明原因，立即处理，必要时可将螺柱钩拧松半圈。两舟靠近时，禁止脚踏两舟，防止两舟分开时落水。连接时，两舟必须保持平衡，否则螺柱钩就进不到接头碗口里面去，因此除上述四名作业手外还须四名平衡人员，站在两舟外侧。两条全形舟合拢后，四名作业手、四名平衡人员同时上舷缘角螺栓，每个标准舟节上六个。发现舷缘螺栓上不上时，检查标准舟节两端拉紧螺栓是否松紧不匀，可将拉紧螺栓稍微放松，待舷缘螺栓上好后，再将拉紧螺栓均匀拧紧。

起始状态: 隐藏		终止状态: 显示		移动节点: 1
1000	1	0	0	0	0	1	0	0	0	0	1	0	-0.3	0	0	1
1000	1	0	0	0	0	1	0	0	0	0	1	0	0	0	0	1

配合:		0


5	5
M22螺母-27
两条全形舟横向连接
没有标记
sound\全形舟横向连接预拼5.mp3

两条全形舟在水面时，先检查全形舟是否为一直线，否则调整纵向连接的拉紧螺栓。然后由四人用撑篙和拼舟具将两舟斜向对拉，此时注意保持舟体平衡，拉近后可蹲下用手拉，使螺柱钩头部进到另一舟的横向接头的碗口内，同时两舟继续运动，使螺柱钩滑入扣板。滑不动时，可用撬棍撬动带缆桩，使螺柱钩滑入扣板。当连接发生困难时，应及时检查，查明原因，立即处理，必要时可将螺柱钩拧松半圈。两舟靠近时，禁止脚踏两舟，防止两舟分开时落水。连接时，两舟必须保持平衡，否则螺柱钩就进不到接头碗口里面去，因此除上述四名作业手外还须四名平衡人员，站在两舟外侧。两条全形舟合拢后，四名作业手、四名平衡人员同时上舷缘角螺栓，每个标准舟节上六个。发现舷缘螺栓上不上时，检查标准舟节两端拉紧螺栓是否松紧不匀，可将拉紧螺栓稍微放松，待舷缘螺栓上好后，再将拉紧螺栓均匀拧紧。

起始状态: 隐藏		终止状态: 显示		移动节点: 1
1000	1	0	0	0	0	1	0	0	0	0	1	0	0	0	0.3	1
1000	1	0	0	0	0	1	0	0	0	0	1	0	0	0	0	1

配合:		0


5	5
M22x55-34
两条全形舟横向连接
没有标记
sound\全形舟横向连接预拼5.mp3

两条全形舟在水面时，先检查全形舟是否为一直线，否则调整纵向连接的拉紧螺栓。然后由四人用撑篙和拼舟具将两舟斜向对拉，此时注意保持舟体平衡，拉近后可蹲下用手拉，使螺柱钩头部进到另一舟的横向接头的碗口内，同时两舟继续运动，使螺柱钩滑入扣板。滑不动时，可用撬棍撬动带缆桩，使螺柱钩滑入扣板。当连接发生困难时，应及时检查，查明原因，立即处理，必要时可将螺柱钩拧松半圈。两舟靠近时，禁止脚踏两舟，防止两舟分开时落水。连接时，两舟必须保持平衡，否则螺柱钩就进不到接头碗口里面去，因此除上述四名作业手外还须四名平衡人员，站在两舟外侧。两条全形舟合拢后，四名作业手、四名平衡人员同时上舷缘角螺栓，每个标准舟节上六个。发现舷缘螺栓上不上时，检查标准舟节两端拉紧螺栓是否松紧不匀，可将拉紧螺栓稍微放松，待舷缘螺栓上好后，再将拉紧螺栓均匀拧紧。

起始状态: 隐藏		终止状态: 显示		移动节点: 1
1000	1	0	0	0	0	1	0	0	0	0	1	0	-0.3	0	0	1
1000	1	0	0	0	0	1	0	0	0	0	1	0	0	0	0	1

配合:		0


5	5
M22x55-31
两条全形舟横向连接
没有标记
sound\全形舟横向连接预拼5.mp3

两条全形舟在水面时，先检查全形舟是否为一直线，否则调整纵向连接的拉紧螺栓。然后由四人用撑篙和拼舟具将两舟斜向对拉，此时注意保持舟体平衡，拉近后可蹲下用手拉，使螺柱钩头部进到另一舟的横向接头的碗口内，同时两舟继续运动，使螺柱钩滑入扣板。滑不动时，可用撬棍撬动带缆桩，使螺柱钩滑入扣板。当连接发生困难时，应及时检查，查明原因，立即处理，必要时可将螺柱钩拧松半圈。两舟靠近时，禁止脚踏两舟，防止两舟分开时落水。连接时，两舟必须保持平衡，否则螺柱钩就进不到接头碗口里面去，因此除上述四名作业手外还须四名平衡人员，站在两舟外侧。两条全形舟合拢后，四名作业手、四名平衡人员同时上舷缘角螺栓，每个标准舟节上六个。发现舷缘螺栓上不上时，检查标准舟节两端拉紧螺栓是否松紧不匀，可将拉紧螺栓稍微放松，待舷缘螺栓上好后，再将拉紧螺栓均匀拧紧。

起始状态: 隐藏		终止状态: 显示		移动节点: 1
1000	1	0	0	0	0	1	0	0	0	0	1	0	-0.3	0	0	1
1000	1	0	0	0	0	1	0	0	0	0	1	0	0	0	0	1

配合:		0


5	5
垫圈M22-18
两条全形舟横向连接
没有标记
sound\全形舟横向连接预拼5.mp3

两条全形舟在水面时，先检查全形舟是否为一直线，否则调整纵向连接的拉紧螺栓。然后由四人用撑篙和拼舟具将两舟斜向对拉，此时注意保持舟体平衡，拉近后可蹲下用手拉，使螺柱钩头部进到另一舟的横向接头的碗口内，同时两舟继续运动，使螺柱钩滑入扣板。滑不动时，可用撬棍撬动带缆桩，使螺柱钩滑入扣板。当连接发生困难时，应及时检查，查明原因，立即处理，必要时可将螺柱钩拧松半圈。两舟靠近时，禁止脚踏两舟，防止两舟分开时落水。连接时，两舟必须保持平衡，否则螺柱钩就进不到接头碗口里面去，因此除上述四名作业手外还须四名平衡人员，站在两舟外侧。两条全形舟合拢后，四名作业手、四名平衡人员同时上舷缘角螺栓，每个标准舟节上六个。发现舷缘螺栓上不上时，检查标准舟节两端拉紧螺栓是否松紧不匀，可将拉紧螺栓稍微放松，待舷缘螺栓上好后，再将拉紧螺栓均匀拧紧。

起始状态: 隐藏		终止状态: 显示		移动节点: 1
1000	1	0	0	0	0	1	0	0	0	0	1	0	-0.3	0	0	1
1000	1	0	0	0	0	1	0	0	0	0	1	0	0	0	0	1

配合:		0


5	5
垫圈M22-7
两条全形舟横向连接
没有标记
sound\全形舟横向连接预拼5.mp3

两条全形舟在水面时，先检查全形舟是否为一直线，否则调整纵向连接的拉紧螺栓。然后由四人用撑篙和拼舟具将两舟斜向对拉，此时注意保持舟体平衡，拉近后可蹲下用手拉，使螺柱钩头部进到另一舟的横向接头的碗口内，同时两舟继续运动，使螺柱钩滑入扣板。滑不动时，可用撬棍撬动带缆桩，使螺柱钩滑入扣板。当连接发生困难时，应及时检查，查明原因，立即处理，必要时可将螺柱钩拧松半圈。两舟靠近时，禁止脚踏两舟，防止两舟分开时落水。连接时，两舟必须保持平衡，否则螺柱钩就进不到接头碗口里面去，因此除上述四名作业手外还须四名平衡人员，站在两舟外侧。两条全形舟合拢后，四名作业手、四名平衡人员同时上舷缘角螺栓，每个标准舟节上六个。发现舷缘螺栓上不上时，检查标准舟节两端拉紧螺栓是否松紧不匀，可将拉紧螺栓稍微放松，待舷缘螺栓上好后，再将拉紧螺栓均匀拧紧。

起始状态: 隐藏		终止状态: 显示		移动节点: 1
1000	1	0	0	0	0	1	0	0	0	0	1	0	-0.3	0	0	1
1000	1	0	0	0	0	1	0	0	0	0	1	0	0	0	0	1

配合:		0


5	5
M22螺母-30
两条全形舟横向连接
没有标记
sound\全形舟横向连接预拼5.mp3

两条全形舟在水面时，先检查全形舟是否为一直线，否则调整纵向连接的拉紧螺栓。然后由四人用撑篙和拼舟具将两舟斜向对拉，此时注意保持舟体平衡，拉近后可蹲下用手拉，使螺柱钩头部进到另一舟的横向接头的碗口内，同时两舟继续运动，使螺柱钩滑入扣板。滑不动时，可用撬棍撬动带缆桩，使螺柱钩滑入扣板。当连接发生困难时，应及时检查，查明原因，立即处理，必要时可将螺柱钩拧松半圈。两舟靠近时，禁止脚踏两舟，防止两舟分开时落水。连接时，两舟必须保持平衡，否则螺柱钩就进不到接头碗口里面去，因此除上述四名作业手外还须四名平衡人员，站在两舟外侧。两条全形舟合拢后，四名作业手、四名平衡人员同时上舷缘角螺栓，每个标准舟节上六个。发现舷缘螺栓上不上时，检查标准舟节两端拉紧螺栓是否松紧不匀，可将拉紧螺栓稍微放松，待舷缘螺栓上好后，再将拉紧螺栓均匀拧紧。

起始状态: 隐藏		终止状态: 显示		移动节点: 1
1000	1	0	0	0	0	1	0	0	0	0	1	0	0	0	0.3	1
1000	1	0	0	0	0	1	0	0	0	0	1	0	0	0	0	1

配合:		0


5	5
M22x55-19
两条全形舟横向连接
没有标记
sound\全形舟横向连接预拼5.mp3

两条全形舟在水面时，先检查全形舟是否为一直线，否则调整纵向连接的拉紧螺栓。然后由四人用撑篙和拼舟具将两舟斜向对拉，此时注意保持舟体平衡，拉近后可蹲下用手拉，使螺柱钩头部进到另一舟的横向接头的碗口内，同时两舟继续运动，使螺柱钩滑入扣板。滑不动时，可用撬棍撬动带缆桩，使螺柱钩滑入扣板。当连接发生困难时，应及时检查，查明原因，立即处理，必要时可将螺柱钩拧松半圈。两舟靠近时，禁止脚踏两舟，防止两舟分开时落水。连接时，两舟必须保持平衡，否则螺柱钩就进不到接头碗口里面去，因此除上述四名作业手外还须四名平衡人员，站在两舟外侧。两条全形舟合拢后，四名作业手、四名平衡人员同时上舷缘角螺栓，每个标准舟节上六个。发现舷缘螺栓上不上时，检查标准舟节两端拉紧螺栓是否松紧不匀，可将拉紧螺栓稍微放松，待舷缘螺栓上好后，再将拉紧螺栓均匀拧紧。

起始状态: 隐藏		终止状态: 显示		移动节点: 1
1000	1	0	0	0	0	1	0	0	0	0	1	0	-0.3	0	0	1
1000	1	0	0	0	0	1	0	0	0	0	1	0	0	0	0	1

配合:		0


5	5
M22螺母-29
两条全形舟横向连接
没有标记
sound\全形舟横向连接预拼5.mp3

两条全形舟在水面时，先检查全形舟是否为一直线，否则调整纵向连接的拉紧螺栓。然后由四人用撑篙和拼舟具将两舟斜向对拉，此时注意保持舟体平衡，拉近后可蹲下用手拉，使螺柱钩头部进到另一舟的横向接头的碗口内，同时两舟继续运动，使螺柱钩滑入扣板。滑不动时，可用撬棍撬动带缆桩，使螺柱钩滑入扣板。当连接发生困难时，应及时检查，查明原因，立即处理，必要时可将螺柱钩拧松半圈。两舟靠近时，禁止脚踏两舟，防止两舟分开时落水。连接时，两舟必须保持平衡，否则螺柱钩就进不到接头碗口里面去，因此除上述四名作业手外还须四名平衡人员，站在两舟外侧。两条全形舟合拢后，四名作业手、四名平衡人员同时上舷缘角螺栓，每个标准舟节上六个。发现舷缘螺栓上不上时，检查标准舟节两端拉紧螺栓是否松紧不匀，可将拉紧螺栓稍微放松，待舷缘螺栓上好后，再将拉紧螺栓均匀拧紧。

起始状态: 隐藏		终止状态: 显示		移动节点: 1
1000	1	0	0	0	0	1	0	0	0	0	1	0	0	0	0.3	1
1000	1	0	0	0	0	1	0	0	0	0	1	0	0	0	0	1

配合:		0


5	5
M22螺母-28
两条全形舟横向连接
没有标记
sound\全形舟横向连接预拼5.mp3

两条全形舟在水面时，先检查全形舟是否为一直线，否则调整纵向连接的拉紧螺栓。然后由四人用撑篙和拼舟具将两舟斜向对拉，此时注意保持舟体平衡，拉近后可蹲下用手拉，使螺柱钩头部进到另一舟的横向接头的碗口内，同时两舟继续运动，使螺柱钩滑入扣板。滑不动时，可用撬棍撬动带缆桩，使螺柱钩滑入扣板。当连接发生困难时，应及时检查，查明原因，立即处理，必要时可将螺柱钩拧松半圈。两舟靠近时，禁止脚踏两舟，防止两舟分开时落水。连接时，两舟必须保持平衡，否则螺柱钩就进不到接头碗口里面去，因此除上述四名作业手外还须四名平衡人员，站在两舟外侧。两条全形舟合拢后，四名作业手、四名平衡人员同时上舷缘角螺栓，每个标准舟节上六个。发现舷缘螺栓上不上时，检查标准舟节两端拉紧螺栓是否松紧不匀，可将拉紧螺栓稍微放松，待舷缘螺栓上好后，再将拉紧螺栓均匀拧紧。

起始状态: 隐藏		终止状态: 显示		移动节点: 1
1000	1	0	0	0	0	1	0	0	0	0	1	0	0	0	0.3	1
1000	1	0	0	0	0	1	0	0	0	0	1	0	0	0	0	1

配合:		0


5	5
M22螺母-15
两条全形舟横向连接
没有标记
sound\全形舟横向连接预拼5.mp3

两条全形舟在水面时，先检查全形舟是否为一直线，否则调整纵向连接的拉紧螺栓。然后由四人用撑篙和拼舟具将两舟斜向对拉，此时注意保持舟体平衡，拉近后可蹲下用手拉，使螺柱钩头部进到另一舟的横向接头的碗口内，同时两舟继续运动，使螺柱钩滑入扣板。滑不动时，可用撬棍撬动带缆桩，使螺柱钩滑入扣板。当连接发生困难时，应及时检查，查明原因，立即处理，必要时可将螺柱钩拧松半圈。两舟靠近时，禁止脚踏两舟，防止两舟分开时落水。连接时，两舟必须保持平衡，否则螺柱钩就进不到接头碗口里面去，因此除上述四名作业手外还须四名平衡人员，站在两舟外侧。两条全形舟合拢后，四名作业手、四名平衡人员同时上舷缘角螺栓，每个标准舟节上六个。发现舷缘螺栓上不上时，检查标准舟节两端拉紧螺栓是否松紧不匀，可将拉紧螺栓稍微放松，待舷缘螺栓上好后，再将拉紧螺栓均匀拧紧。

起始状态: 隐藏		终止状态: 显示		移动节点: 1
1000	1	0	0	0	0	1	0	0	0	0	1	0	0	0	0.3	1
1000	1	0	0	0	0	1	0	0	0	0	1	0	0	0	0	1

配合:		0


5	5
M22螺母-25
两条全形舟横向连接
没有标记
sound\全形舟横向连接预拼5.mp3

两条全形舟在水面时，先检查全形舟是否为一直线，否则调整纵向连接的拉紧螺栓。然后由四人用撑篙和拼舟具将两舟斜向对拉，此时注意保持舟体平衡，拉近后可蹲下用手拉，使螺柱钩头部进到另一舟的横向接头的碗口内，同时两舟继续运动，使螺柱钩滑入扣板。滑不动时，可用撬棍撬动带缆桩，使螺柱钩滑入扣板。当连接发生困难时，应及时检查，查明原因，立即处理，必要时可将螺柱钩拧松半圈。两舟靠近时，禁止脚踏两舟，防止两舟分开时落水。连接时，两舟必须保持平衡，否则螺柱钩就进不到接头碗口里面去，因此除上述四名作业手外还须四名平衡人员，站在两舟外侧。两条全形舟合拢后，四名作业手、四名平衡人员同时上舷缘角螺栓，每个标准舟节上六个。发现舷缘螺栓上不上时，检查标准舟节两端拉紧螺栓是否松紧不匀，可将拉紧螺栓稍微放松，待舷缘螺栓上好后，再将拉紧螺栓均匀拧紧。

起始状态: 隐藏		终止状态: 显示		移动节点: 1
1000	1	0	0	0	0	1	0	0	0	0	1	0	0	0	0.3	1
1000	1	0	0	0	0	1	0	0	0	0	1	0	0	0	0	1

配合:		0


5	5
M22螺母-18
两条全形舟横向连接
没有标记
sound\全形舟横向连接预拼5.mp3

两条全形舟在水面时，先检查全形舟是否为一直线，否则调整纵向连接的拉紧螺栓。然后由四人用撑篙和拼舟具将两舟斜向对拉，此时注意保持舟体平衡，拉近后可蹲下用手拉，使螺柱钩头部进到另一舟的横向接头的碗口内，同时两舟继续运动，使螺柱钩滑入扣板。滑不动时，可用撬棍撬动带缆桩，使螺柱钩滑入扣板。当连接发生困难时，应及时检查，查明原因，立即处理，必要时可将螺柱钩拧松半圈。两舟靠近时，禁止脚踏两舟，防止两舟分开时落水。连接时，两舟必须保持平衡，否则螺柱钩就进不到接头碗口里面去，因此除上述四名作业手外还须四名平衡人员，站在两舟外侧。两条全形舟合拢后，四名作业手、四名平衡人员同时上舷缘角螺栓，每个标准舟节上六个。发现舷缘螺栓上不上时，检查标准舟节两端拉紧螺栓是否松紧不匀，可将拉紧螺栓稍微放松，待舷缘螺栓上好后，再将拉紧螺栓均匀拧紧。

起始状态: 隐藏		终止状态: 显示		移动节点: 1
1000	1	0	0	0	0	1	0	0	0	0	1	0	0	0	0.3	1
1000	1	0	0	0	0	1	0	0	0	0	1	0	0	0	0	1

配合:		0


5	5
M22x55-17
两条全形舟横向连接
没有标记
sound\全形舟横向连接预拼5.mp3

两条全形舟在水面时，先检查全形舟是否为一直线，否则调整纵向连接的拉紧螺栓。然后由四人用撑篙和拼舟具将两舟斜向对拉，此时注意保持舟体平衡，拉近后可蹲下用手拉，使螺柱钩头部进到另一舟的横向接头的碗口内，同时两舟继续运动，使螺柱钩滑入扣板。滑不动时，可用撬棍撬动带缆桩，使螺柱钩滑入扣板。当连接发生困难时，应及时检查，查明原因，立即处理，必要时可将螺柱钩拧松半圈。两舟靠近时，禁止脚踏两舟，防止两舟分开时落水。连接时，两舟必须保持平衡，否则螺柱钩就进不到接头碗口里面去，因此除上述四名作业手外还须四名平衡人员，站在两舟外侧。两条全形舟合拢后，四名作业手、四名平衡人员同时上舷缘角螺栓，每个标准舟节上六个。发现舷缘螺栓上不上时，检查标准舟节两端拉紧螺栓是否松紧不匀，可将拉紧螺栓稍微放松，待舷缘螺栓上好后，再将拉紧螺栓均匀拧紧。

起始状态: 隐藏		终止状态: 显示		移动节点: 1
1000	1	0	0	0	0	1	0	0	0	0	1	0	-0.3	0	0	1
1000	1	0	0	0	0	1	0	0	0	0	1	0	0	0	0	1

配合:		0


5	5
垫圈M22-17
两条全形舟横向连接
没有标记
sound\全形舟横向连接预拼5.mp3

两条全形舟在水面时，先检查全形舟是否为一直线，否则调整纵向连接的拉紧螺栓。然后由四人用撑篙和拼舟具将两舟斜向对拉，此时注意保持舟体平衡，拉近后可蹲下用手拉，使螺柱钩头部进到另一舟的横向接头的碗口内，同时两舟继续运动，使螺柱钩滑入扣板。滑不动时，可用撬棍撬动带缆桩，使螺柱钩滑入扣板。当连接发生困难时，应及时检查，查明原因，立即处理，必要时可将螺柱钩拧松半圈。两舟靠近时，禁止脚踏两舟，防止两舟分开时落水。连接时，两舟必须保持平衡，否则螺柱钩就进不到接头碗口里面去，因此除上述四名作业手外还须四名平衡人员，站在两舟外侧。两条全形舟合拢后，四名作业手、四名平衡人员同时上舷缘角螺栓，每个标准舟节上六个。发现舷缘螺栓上不上时，检查标准舟节两端拉紧螺栓是否松紧不匀，可将拉紧螺栓稍微放松，待舷缘螺栓上好后，再将拉紧螺栓均匀拧紧。

起始状态: 隐藏		终止状态: 显示		移动节点: 1
1000	1	0	0	0	0	1	0	0	0	0	1	0	-0.3	0	0	1
1000	1	0	0	0	0	1	0	0	0	0	1	0	0	0	0	1

配合:		0


5	5
M22x55-17
两条全形舟横向连接
没有标记
sound\全形舟横向连接预拼5.mp3

两条全形舟在水面时，先检查全形舟是否为一直线，否则调整纵向连接的拉紧螺栓。然后由四人用撑篙和拼舟具将两舟斜向对拉，此时注意保持舟体平衡，拉近后可蹲下用手拉，使螺柱钩头部进到另一舟的横向接头的碗口内，同时两舟继续运动，使螺柱钩滑入扣板。滑不动时，可用撬棍撬动带缆桩，使螺柱钩滑入扣板。当连接发生困难时，应及时检查，查明原因，立即处理，必要时可将螺柱钩拧松半圈。两舟靠近时，禁止脚踏两舟，防止两舟分开时落水。连接时，两舟必须保持平衡，否则螺柱钩就进不到接头碗口里面去，因此除上述四名作业手外还须四名平衡人员，站在两舟外侧。两条全形舟合拢后，四名作业手、四名平衡人员同时上舷缘角螺栓，每个标准舟节上六个。发现舷缘螺栓上不上时，检查标准舟节两端拉紧螺栓是否松紧不匀，可将拉紧螺栓稍微放松，待舷缘螺栓上好后，再将拉紧螺栓均匀拧紧。

起始状态: 隐藏		终止状态: 显示		移动节点: 1
1000	1	0	0	0	0	1	0	0	0	0	1	0	-0.3	0	0	1
1000	1	0	0	0	0	1	0	0	0	0	1	0	0	0	0	1

配合:		0


5	5
垫圈M22-3
两条全形舟横向连接
没有标记
sound\全形舟横向连接预拼5.mp3

两条全形舟在水面时，先检查全形舟是否为一直线，否则调整纵向连接的拉紧螺栓。然后由四人用撑篙和拼舟具将两舟斜向对拉，此时注意保持舟体平衡，拉近后可蹲下用手拉，使螺柱钩头部进到另一舟的横向接头的碗口内，同时两舟继续运动，使螺柱钩滑入扣板。滑不动时，可用撬棍撬动带缆桩，使螺柱钩滑入扣板。当连接发生困难时，应及时检查，查明原因，立即处理，必要时可将螺柱钩拧松半圈。两舟靠近时，禁止脚踏两舟，防止两舟分开时落水。连接时，两舟必须保持平衡，否则螺柱钩就进不到接头碗口里面去，因此除上述四名作业手外还须四名平衡人员，站在两舟外侧。两条全形舟合拢后，四名作业手、四名平衡人员同时上舷缘角螺栓，每个标准舟节上六个。发现舷缘螺栓上不上时，检查标准舟节两端拉紧螺栓是否松紧不匀，可将拉紧螺栓稍微放松，待舷缘螺栓上好后，再将拉紧螺栓均匀拧紧。

起始状态: 隐藏		终止状态: 显示		移动节点: 1
1000	1	0	0	0	0	1	0	0	0	0	1	0	-0.3	0	0	1
1000	1	0	0	0	0	1	0	0	0	0	1	0	0	0	0	1

配合:		0


5	5
垫圈M22-14
两条全形舟横向连接
没有标记
sound\全形舟横向连接预拼5.mp3

两条全形舟在水面时，先检查全形舟是否为一直线，否则调整纵向连接的拉紧螺栓。然后由四人用撑篙和拼舟具将两舟斜向对拉，此时注意保持舟体平衡，拉近后可蹲下用手拉，使螺柱钩头部进到另一舟的横向接头的碗口内，同时两舟继续运动，使螺柱钩滑入扣板。滑不动时，可用撬棍撬动带缆桩，使螺柱钩滑入扣板。当连接发生困难时，应及时检查，查明原因，立即处理，必要时可将螺柱钩拧松半圈。两舟靠近时，禁止脚踏两舟，防止两舟分开时落水。连接时，两舟必须保持平衡，否则螺柱钩就进不到接头碗口里面去，因此除上述四名作业手外还须四名平衡人员，站在两舟外侧。两条全形舟合拢后，四名作业手、四名平衡人员同时上舷缘角螺栓，每个标准舟节上六个。发现舷缘螺栓上不上时，检查标准舟节两端拉紧螺栓是否松紧不匀，可将拉紧螺栓稍微放松，待舷缘螺栓上好后，再将拉紧螺栓均匀拧紧。

起始状态: 隐藏		终止状态: 显示		移动节点: 1
1000	1	0	0	0	0	1	0	0	0	0	1	0	-0.3	0	0	1
1000	1	0	0	0	0	1	0	0	0	0	1	0	0	0	0	1

配合:		0


5	5
垫圈M22-2
两条全形舟横向连接
没有标记
sound\全形舟横向连接预拼5.mp3

两条全形舟在水面时，先检查全形舟是否为一直线，否则调整纵向连接的拉紧螺栓。然后由四人用撑篙和拼舟具将两舟斜向对拉，此时注意保持舟体平衡，拉近后可蹲下用手拉，使螺柱钩头部进到另一舟的横向接头的碗口内，同时两舟继续运动，使螺柱钩滑入扣板。滑不动时，可用撬棍撬动带缆桩，使螺柱钩滑入扣板。当连接发生困难时，应及时检查，查明原因，立即处理，必要时可将螺柱钩拧松半圈。两舟靠近时，禁止脚踏两舟，防止两舟分开时落水。连接时，两舟必须保持平衡，否则螺柱钩就进不到接头碗口里面去，因此除上述四名作业手外还须四名平衡人员，站在两舟外侧。两条全形舟合拢后，四名作业手、四名平衡人员同时上舷缘角螺栓，每个标准舟节上六个。发现舷缘螺栓上不上时，检查标准舟节两端拉紧螺栓是否松紧不匀，可将拉紧螺栓稍微放松，待舷缘螺栓上好后，再将拉紧螺栓均匀拧紧。

起始状态: 隐藏		终止状态: 显示		移动节点: 1
1000	1	0	0	0	0	1	0	0	0	0	1	0	-0.3	0	0	1
1000	1	0	0	0	0	1	0	0	0	0	1	0	0	0	0	1

配合:		0


5	5
M22螺母-1
两条全形舟横向连接
没有标记
sound\全形舟横向连接预拼5.mp3

两条全形舟在水面时，先检查全形舟是否为一直线，否则调整纵向连接的拉紧螺栓。然后由四人用撑篙和拼舟具将两舟斜向对拉，此时注意保持舟体平衡，拉近后可蹲下用手拉，使螺柱钩头部进到另一舟的横向接头的碗口内，同时两舟继续运动，使螺柱钩滑入扣板。滑不动时，可用撬棍撬动带缆桩，使螺柱钩滑入扣板。当连接发生困难时，应及时检查，查明原因，立即处理，必要时可将螺柱钩拧松半圈。两舟靠近时，禁止脚踏两舟，防止两舟分开时落水。连接时，两舟必须保持平衡，否则螺柱钩就进不到接头碗口里面去，因此除上述四名作业手外还须四名平衡人员，站在两舟外侧。两条全形舟合拢后，四名作业手、四名平衡人员同时上舷缘角螺栓，每个标准舟节上六个。发现舷缘螺栓上不上时，检查标准舟节两端拉紧螺栓是否松紧不匀，可将拉紧螺栓稍微放松，待舷缘螺栓上好后，再将拉紧螺栓均匀拧紧。

起始状态: 隐藏		终止状态: 显示		移动节点: 1
1000	1	0	0	0	0	1	0	0	0	0	1	0	0	0	0.3	1
1000	1	0	0	0	0	1	0	0	0	0	1	0	0	0	0	1

配合:		0


5	5
M22x55-13
两条全形舟横向连接
没有标记
sound\全形舟横向连接预拼5.mp3

两条全形舟在水面时，先检查全形舟是否为一直线，否则调整纵向连接的拉紧螺栓。然后由四人用撑篙和拼舟具将两舟斜向对拉，此时注意保持舟体平衡，拉近后可蹲下用手拉，使螺柱钩头部进到另一舟的横向接头的碗口内，同时两舟继续运动，使螺柱钩滑入扣板。滑不动时，可用撬棍撬动带缆桩，使螺柱钩滑入扣板。当连接发生困难时，应及时检查，查明原因，立即处理，必要时可将螺柱钩拧松半圈。两舟靠近时，禁止脚踏两舟，防止两舟分开时落水。连接时，两舟必须保持平衡，否则螺柱钩就进不到接头碗口里面去，因此除上述四名作业手外还须四名平衡人员，站在两舟外侧。两条全形舟合拢后，四名作业手、四名平衡人员同时上舷缘角螺栓，每个标准舟节上六个。发现舷缘螺栓上不上时，检查标准舟节两端拉紧螺栓是否松紧不匀，可将拉紧螺栓稍微放松，待舷缘螺栓上好后，再将拉紧螺栓均匀拧紧。

起始状态: 隐藏		终止状态: 显示		移动节点: 1
1000	1	0	0	0	0	1	0	0	0	0	1	0	-0.3	0	0	1
1000	1	0	0	0	0	1	0	0	0	0	1	0	0	0	0	1

配合:		0


5	5
垫圈M22-19
两条全形舟横向连接
没有标记
sound\全形舟横向连接预拼5.mp3

两条全形舟在水面时，先检查全形舟是否为一直线，否则调整纵向连接的拉紧螺栓。然后由四人用撑篙和拼舟具将两舟斜向对拉，此时注意保持舟体平衡，拉近后可蹲下用手拉，使螺柱钩头部进到另一舟的横向接头的碗口内，同时两舟继续运动，使螺柱钩滑入扣板。滑不动时，可用撬棍撬动带缆桩，使螺柱钩滑入扣板。当连接发生困难时，应及时检查，查明原因，立即处理，必要时可将螺柱钩拧松半圈。两舟靠近时，禁止脚踏两舟，防止两舟分开时落水。连接时，两舟必须保持平衡，否则螺柱钩就进不到接头碗口里面去，因此除上述四名作业手外还须四名平衡人员，站在两舟外侧。两条全形舟合拢后，四名作业手、四名平衡人员同时上舷缘角螺栓，每个标准舟节上六个。发现舷缘螺栓上不上时，检查标准舟节两端拉紧螺栓是否松紧不匀，可将拉紧螺栓稍微放松，待舷缘螺栓上好后，再将拉紧螺栓均匀拧紧。

起始状态: 隐藏		终止状态: 显示		移动节点: 1
1000	1	0	0	0	0	1	0	0	0	0	1	0	-0.3	0	0	1
1000	1	0	0	0	0	1	0	0	0	0	1	0	0	0	0	1

配合:		0


5	5
M22x55-29
两条全形舟横向连接
没有标记
sound\全形舟横向连接预拼5.mp3

两条全形舟在水面时，先检查全形舟是否为一直线，否则调整纵向连接的拉紧螺栓。然后由四人用撑篙和拼舟具将两舟斜向对拉，此时注意保持舟体平衡，拉近后可蹲下用手拉，使螺柱钩头部进到另一舟的横向接头的碗口内，同时两舟继续运动，使螺柱钩滑入扣板。滑不动时，可用撬棍撬动带缆桩，使螺柱钩滑入扣板。当连接发生困难时，应及时检查，查明原因，立即处理，必要时可将螺柱钩拧松半圈。两舟靠近时，禁止脚踏两舟，防止两舟分开时落水。连接时，两舟必须保持平衡，否则螺柱钩就进不到接头碗口里面去，因此除上述四名作业手外还须四名平衡人员，站在两舟外侧。两条全形舟合拢后，四名作业手、四名平衡人员同时上舷缘角螺栓，每个标准舟节上六个。发现舷缘螺栓上不上时，检查标准舟节两端拉紧螺栓是否松紧不匀，可将拉紧螺栓稍微放松，待舷缘螺栓上好后，再将拉紧螺栓均匀拧紧。

起始状态: 隐藏		终止状态: 显示		移动节点: 1
1000	1	0	0	0	0	1	0	0	0	0	1	0	-0.3	0	0	1
1000	1	0	0	0	0	1	0	0	0	0	1	0	0	0	0	1

配合:		0


5	5
垫圈M22-5
两条全形舟横向连接
没有标记
sound\全形舟横向连接预拼5.mp3

两条全形舟在水面时，先检查全形舟是否为一直线，否则调整纵向连接的拉紧螺栓。然后由四人用撑篙和拼舟具将两舟斜向对拉，此时注意保持舟体平衡，拉近后可蹲下用手拉，使螺柱钩头部进到另一舟的横向接头的碗口内，同时两舟继续运动，使螺柱钩滑入扣板。滑不动时，可用撬棍撬动带缆桩，使螺柱钩滑入扣板。当连接发生困难时，应及时检查，查明原因，立即处理，必要时可将螺柱钩拧松半圈。两舟靠近时，禁止脚踏两舟，防止两舟分开时落水。连接时，两舟必须保持平衡，否则螺柱钩就进不到接头碗口里面去，因此除上述四名作业手外还须四名平衡人员，站在两舟外侧。两条全形舟合拢后，四名作业手、四名平衡人员同时上舷缘角螺栓，每个标准舟节上六个。发现舷缘螺栓上不上时，检查标准舟节两端拉紧螺栓是否松紧不匀，可将拉紧螺栓稍微放松，待舷缘螺栓上好后，再将拉紧螺栓均匀拧紧。

起始状态: 隐藏		终止状态: 显示		移动节点: 1
1000	1	0	0	0	0	1	0	0	0	0	1	0	-0.3	0	0	1
1000	1	0	0	0	0	1	0	0	0	0	1	0	0	0	0	1

配合:		0


5	5
垫圈M22-6
两条全形舟横向连接
没有标记
sound\全形舟横向连接预拼5.mp3

两条全形舟在水面时，先检查全形舟是否为一直线，否则调整纵向连接的拉紧螺栓。然后由四人用撑篙和拼舟具将两舟斜向对拉，此时注意保持舟体平衡，拉近后可蹲下用手拉，使螺柱钩头部进到另一舟的横向接头的碗口内，同时两舟继续运动，使螺柱钩滑入扣板。滑不动时，可用撬棍撬动带缆桩，使螺柱钩滑入扣板。当连接发生困难时，应及时检查，查明原因，立即处理，必要时可将螺柱钩拧松半圈。两舟靠近时，禁止脚踏两舟，防止两舟分开时落水。连接时，两舟必须保持平衡，否则螺柱钩就进不到接头碗口里面去，因此除上述四名作业手外还须四名平衡人员，站在两舟外侧。两条全形舟合拢后，四名作业手、四名平衡人员同时上舷缘角螺栓，每个标准舟节上六个。发现舷缘螺栓上不上时，检查标准舟节两端拉紧螺栓是否松紧不匀，可将拉紧螺栓稍微放松，待舷缘螺栓上好后，再将拉紧螺栓均匀拧紧。

起始状态: 隐藏		终止状态: 显示		移动节点: 1
1000	1	0	0	0	0	1	0	0	0	0	1	0	-0.3	0	0	1
1000	1	0	0	0	0	1	0	0	0	0	1	0	0	0	0	1

配合:		0


5	5
M22x55-32
两条全形舟横向连接
没有标记
sound\全形舟横向连接预拼5.mp3

两条全形舟在水面时，先检查全形舟是否为一直线，否则调整纵向连接的拉紧螺栓。然后由四人用撑篙和拼舟具将两舟斜向对拉，此时注意保持舟体平衡，拉近后可蹲下用手拉，使螺柱钩头部进到另一舟的横向接头的碗口内，同时两舟继续运动，使螺柱钩滑入扣板。滑不动时，可用撬棍撬动带缆桩，使螺柱钩滑入扣板。当连接发生困难时，应及时检查，查明原因，立即处理，必要时可将螺柱钩拧松半圈。两舟靠近时，禁止脚踏两舟，防止两舟分开时落水。连接时，两舟必须保持平衡，否则螺柱钩就进不到接头碗口里面去，因此除上述四名作业手外还须四名平衡人员，站在两舟外侧。两条全形舟合拢后，四名作业手、四名平衡人员同时上舷缘角螺栓，每个标准舟节上六个。发现舷缘螺栓上不上时，检查标准舟节两端拉紧螺栓是否松紧不匀，可将拉紧螺栓稍微放松，待舷缘螺栓上好后，再将拉紧螺栓均匀拧紧。

起始状态: 隐藏		终止状态: 显示		移动节点: 1
1000	1	0	0	0	0	1	0	0	0	0	1	0	-0.3	0	0	1
1000	1	0	0	0	0	1	0	0	0	0	1	0	0	0	0	1

配合:		0


5	5
M22x55-30
两条全形舟横向连接
没有标记
sound\全形舟横向连接预拼5.mp3

两条全形舟在水面时，先检查全形舟是否为一直线，否则调整纵向连接的拉紧螺栓。然后由四人用撑篙和拼舟具将两舟斜向对拉，此时注意保持舟体平衡，拉近后可蹲下用手拉，使螺柱钩头部进到另一舟的横向接头的碗口内，同时两舟继续运动，使螺柱钩滑入扣板。滑不动时，可用撬棍撬动带缆桩，使螺柱钩滑入扣板。当连接发生困难时，应及时检查，查明原因，立即处理，必要时可将螺柱钩拧松半圈。两舟靠近时，禁止脚踏两舟，防止两舟分开时落水。连接时，两舟必须保持平衡，否则螺柱钩就进不到接头碗口里面去，因此除上述四名作业手外还须四名平衡人员，站在两舟外侧。两条全形舟合拢后，四名作业手、四名平衡人员同时上舷缘角螺栓，每个标准舟节上六个。发现舷缘螺栓上不上时，检查标准舟节两端拉紧螺栓是否松紧不匀，可将拉紧螺栓稍微放松，待舷缘螺栓上好后，再将拉紧螺栓均匀拧紧。

起始状态: 隐藏		终止状态: 显示		移动节点: 1
1000	1	0	0	0	0	1	0	0	0	0	1	0	-0.3	0	0	1
1000	1	0	0	0	0	1	0	0	0	0	1	0	0	0	0	1

配合:		0


5	5
M22螺母-17
两条全形舟横向连接
没有标记
sound\全形舟横向连接预拼5.mp3

两条全形舟在水面时，先检查全形舟是否为一直线，否则调整纵向连接的拉紧螺栓。然后由四人用撑篙和拼舟具将两舟斜向对拉，此时注意保持舟体平衡，拉近后可蹲下用手拉，使螺柱钩头部进到另一舟的横向接头的碗口内，同时两舟继续运动，使螺柱钩滑入扣板。滑不动时，可用撬棍撬动带缆桩，使螺柱钩滑入扣板。当连接发生困难时，应及时检查，查明原因，立即处理，必要时可将螺柱钩拧松半圈。两舟靠近时，禁止脚踏两舟，防止两舟分开时落水。连接时，两舟必须保持平衡，否则螺柱钩就进不到接头碗口里面去，因此除上述四名作业手外还须四名平衡人员，站在两舟外侧。两条全形舟合拢后，四名作业手、四名平衡人员同时上舷缘角螺栓，每个标准舟节上六个。发现舷缘螺栓上不上时，检查标准舟节两端拉紧螺栓是否松紧不匀，可将拉紧螺栓稍微放松，待舷缘螺栓上好后，再将拉紧螺栓均匀拧紧。

起始状态: 隐藏		终止状态: 显示		移动节点: 1
1000	1	0	0	0	0	1	0	0	0	0	1	0	0	0	0.3	1
1000	1	0	0	0	0	1	0	0	0	0	1	0	0	0	0	1

配合:		0


5	5
M22x55-33
两条全形舟横向连接
没有标记
sound\全形舟横向连接预拼5.mp3

两条全形舟在水面时，先检查全形舟是否为一直线，否则调整纵向连接的拉紧螺栓。然后由四人用撑篙和拼舟具将两舟斜向对拉，此时注意保持舟体平衡，拉近后可蹲下用手拉，使螺柱钩头部进到另一舟的横向接头的碗口内，同时两舟继续运动，使螺柱钩滑入扣板。滑不动时，可用撬棍撬动带缆桩，使螺柱钩滑入扣板。当连接发生困难时，应及时检查，查明原因，立即处理，必要时可将螺柱钩拧松半圈。两舟靠近时，禁止脚踏两舟，防止两舟分开时落水。连接时，两舟必须保持平衡，否则螺柱钩就进不到接头碗口里面去，因此除上述四名作业手外还须四名平衡人员，站在两舟外侧。两条全形舟合拢后，四名作业手、四名平衡人员同时上舷缘角螺栓，每个标准舟节上六个。发现舷缘螺栓上不上时，检查标准舟节两端拉紧螺栓是否松紧不匀，可将拉紧螺栓稍微放松，待舷缘螺栓上好后，再将拉紧螺栓均匀拧紧。

起始状态: 隐藏		终止状态: 显示		移动节点: 1
1000	1	0	0	0	0	1	0	0	0	0	1	0	-0.3	0	0	1
1000	1	0	0	0	0	1	0	0	0	0	1	0	0	0	0	1

配合:		0


