1	1
活动栈桥-1
进挡前准备
没有标记
sound\轮渡进出挡1.mp3

检查栈桥连接，靠墩和腰墩就位，准备进挡。

起始状态: 隐藏		终止状态: 显示		移动节点: 2
1000	1	0	0	0	0	1	0	0	0	0	1	0	0	0	0	1
1000	1	0	0	0	0	1	0	0	0	0	1	0	0	0	0	1
1000	1	0	0	0	0	1	0	0	0	0	1	0	0	0	0	1

配合:		0


1	2
渡轮靠墩-1
进挡前准备
没有标记
sound\轮渡进出挡1.mp3

检查栈桥连接，靠墩和腰墩就位，准备进挡。

起始状态: 隐藏		终止状态: 显示		移动节点: 2
1000	1	0	0	0	0	1	0	0	0	0	1	0	0	0	0	1
1000	1	0	0	0	0	1	0	0	0	0	1	0	0	0	0	1
1000	1	0	0	0	0	1	0	0	0	0	1	0	0	0	0	1

配合:		0


1	3
渡轮腰墩-1
进挡前准备
没有标记
sound\轮渡进出挡1.mp3

检查栈桥连接，靠墩和腰墩就位，准备进挡。

起始状态: 隐藏		终止状态: 显示		移动节点: 2
1000	1	0	0	0	0	1	0	0	0	0	1	0	0	0	0	1
1000	1	0	0	0	0	1	0	0	0	0	1	0	0	0	0	1
1000	1	0	0	0	0	1	0	0	0	0	1	0	0	0	0	1

配合:		0


2	1
活动栈桥-1/鸡心桩梁-1/鸡心桩-1/x7-1
渡轮进挡
没有标记
sound\轮渡进出挡2.mp3

跳板梁的前端安装到鸡心桩梁上后，即安装桥面连接系，连接钢轨。

起始状态: 隐藏		终止状态: 显示		移动节点: 4
1000	1	0	0	0	0	1	0	0	0	0	1	0	0	0	0	1
1000	1	0	0	0	0	1	0	0	0	0	1	0	0	0	0	1
1000	1	0	0	0	0	1	0	0	0	0	1	0	0	0	0	1
1000	1	0	0	0	0	1	0	0	0	0	1	0	0	0	0	1
1000	1	0	0	0	0	1	0	0	0	0	1	0	0	0	0	1

配合:		0


2	1
丙式渡轮-1
渡轮进挡
没有标记
sound\轮渡进出挡2.mp3

跳板梁的前端安装到鸡心桩梁上后，即安装桥面连接系，连接钢轨。

起始状态: 隐藏		终止状态: 显示		移动节点: 11
1000	1	0	0	0	0	1	0	0	0	0	1	0	60	0	15	1
1000	1	0	0	0	0	1	0	0	0	0	1	0	55	0	10	1
1000	1	0	0	0	0	1	0	0	0	0	1	0	50	0	5	1
1000	1	0	0	0	0	1	0	0	0	0	1	0	45	0	0	1
1000	1	0	0	0	0	1	0	0	0	0	1	0	40	0	0	1
1000	1	0	0	0	0	1	0	0	0	0	1	0	30	0	0	1
1000	1	0	0	0	0	1	0	0	0	0	1	0	20	0	0	1
1000	1	0	0	0	0	1	0	0	0	0	1	0	10	0	0	1
2000	1	0	0	0	0	1	0	0	0	0	1	0	5	0	0	1
2000	1	0	0	0	0	1	0	0	0	0	1	0	3	0	0	1
2000	1	0	0	0	0	1	0	0	0	0	1	0	1	0	0	1
2000	1	0	0	0	0	1	0	0	0	0	1	0	0	0	0	1

配合:		0


3	1
JL3-1
安装桥面连接系
没有标记
sound\轮渡进出挡3.mp3

跳板梁的前端安装到鸡心桩梁上后，即安装桥面连接系，连接钢轨。

起始状态: 隐藏		终止状态: 显示		移动节点: 1
1000	1	0	0	0	0	1	0	0	0	0	1	0	0	1	0	1
1000	1	0	0	0	0	1	0	0	0	0	1	0	0	0	0	1

配合:		0


3	1
JL1-1
安装桥面连接系
没有标记
sound\轮渡进出挡3.mp3

跳板梁的前端安装到鸡心桩梁上后，即安装桥面连接系，连接钢轨。

起始状态: 隐藏		终止状态: 显示		移动节点: 1
1000	1	0	0	0	0	1	0	0	0	0	1	0	0	1	0	1
1000	1	0	0	0	0	1	0	0	0	0	1	0	0	0	0	1

配合:		0


3	2
垫圈M22-2
没有标记
没有标记
sound\轮渡进出挡3.mp3

跳板梁的前端安装到鸡心桩梁上后，即安装桥面连接系，连接钢轨。

起始状态: 隐藏		终止状态: 显示		移动节点: 1
1000	1	0	0	0	0	1	0	0	0	0	1	0	-0.3	0	0	1
1000	1	0	0	0	0	1	0	0	0	0	1	0	0	0	0	1

配合:		0


3	2
JH0螺母-1
没有标记
没有标记
sound\轮渡进出挡3.mp3

跳板梁的前端安装到鸡心桩梁上后，即安装桥面连接系，连接钢轨。

起始状态: 隐藏		终止状态: 显示		移动节点: 1
1000	1	0	0	0	0	1	0	0	0	0	1	0	0	0	0.3	1
1000	1	0	0	0	0	1	0	0	0	0	1	0	0	0	0	1

配合:		0


3	2
垫圈M22-1
没有标记
没有标记
sound\轮渡进出挡3.mp3

跳板梁的前端安装到鸡心桩梁上后，即安装桥面连接系，连接钢轨。

起始状态: 隐藏		终止状态: 显示		移动节点: 1
1000	1	0	0	0	0	1	0	0	0	0	1	0	-0.3	0	0	1
1000	1	0	0	0	0	1	0	0	0	0	1	0	0	0	0	1

配合:		0


3	2
M22x150-1
没有标记
没有标记
sound\轮渡进出挡3.mp3

跳板梁的前端安装到鸡心桩梁上后，即安装桥面连接系，连接钢轨。

起始状态: 隐藏		终止状态: 显示		移动节点: 1
1000	1	0	0	0	0	1	0	0	0	0	1	0	-0.3	0	0	1
1000	1	0	0	0	0	1	0	0	0	0	1	0	0	0	0	1

配合:		0


3	2
M22x150-2
没有标记
没有标记
sound\轮渡进出挡3.mp3

跳板梁的前端安装到鸡心桩梁上后，即安装桥面连接系，连接钢轨。

起始状态: 隐藏		终止状态: 显示		移动节点: 1
1000	1	0	0	0	0	1	0	0	0	0	1	0	-0.3	0	0	1
1000	1	0	0	0	0	1	0	0	0	0	1	0	0	0	0	1

配合:		0


3	2
jh0螺栓-1
安装桥面连接系
没有标记
sound\轮渡进出挡3.mp3

跳板梁的前端安装到鸡心桩梁上后，即安装桥面连接系，连接钢轨。

起始状态: 隐藏		终止状态: 显示		移动节点: 1
1000	1	0	0	0	0	1	0	0	0	0	1	0	0.5	0	0	1
1000	1	0	0	0	0	1	0	0	0	0	1	0	0	0	0	1

配合:		0


3	2
jh0螺栓-2
安装桥面连接系
没有标记
sound\轮渡进出挡3.mp3

跳板梁的前端安装到鸡心桩梁上后，即安装桥面连接系，连接钢轨。

起始状态: 隐藏		终止状态: 显示		移动节点: 1
1000	1	0	0	0	0	1	0	0	0	0	1	0	0.5	0	0	1
1000	1	0	0	0	0	1	0	0	0	0	1	0	0	0	0	1

配合:		0


3	2
JH0螺母-2
没有标记
没有标记
sound\轮渡进出挡3.mp3

跳板梁的前端安装到鸡心桩梁上后，即安装桥面连接系，连接钢轨。

起始状态: 隐藏		终止状态: 显示		移动节点: 1
1000	1	0	0	0	0	1	0	0	0	0	1	0	0	0	0.3	1
1000	1	0	0	0	0	1	0	0	0	0	1	0	0	0	0	1

配合:		0


3	2
M22螺母-2
安装桥面连接系
没有标记
sound\轮渡进出挡3.mp3

跳板梁的前端安装到鸡心桩梁上后，即安装桥面连接系，连接钢轨。

起始状态: 隐藏		终止状态: 显示		移动节点: 1
1000	1	0	0	0	0	1	0	0	0	0	1	0	0	0	0.3	1
1000	1	0	0	0	0	1	0	0	0	0	1	0	0	0	0	1

配合:		0


3	2
M22螺母-1
安装桥面连接系
没有标记
sound\轮渡进出挡3.mp3

跳板梁的前端安装到鸡心桩梁上后，即安装桥面连接系，连接钢轨。

起始状态: 隐藏		终止状态: 显示		移动节点: 1
1000	1	0	0	0	0	1	0	0	0	0	1	0	0	0	0.3	1
1000	1	0	0	0	0	1	0	0	0	0	1	0	0	0	0	1

配合:		0


4	1
丙式渡轮-1/渡轮安装跳板梁-1/渡轮安装起吊架-1/渡轮安装侧压操舵装置-1/T型车挡及支撑-1/M36螺母-6
检查连接，调整轴线
没有标记
sound\轮渡进出挡4.mp3

详细检查所有连接，清理桥面，校正桥轴线，锚绳，使桥面保持平直，做好通车准备。

起始状态: 隐藏		终止状态: 显示		移动节点: 3
1000	1	0	0	0	0	1	0	0	0	0	1	0	0	0	0	1
1000	1	0	0	0	0	1	0	0	0	0	1	0	0	0	0	1
1000	1	0	0	0	0	1	0	0	0	0	1	0	0	0	0	1
1000	1	0	0	0	0	1	0	0	0	0	1	0	0	0	0	1

配合:		0


4	1
活动栈桥-1/中孔栈桥梁-1/中孔栈桥-1/轨排螺栓-2
检查连接，调整轴线
没有标记
sound\轮渡进出挡4.mp3

详细检查所有连接，清理桥面，校正桥轴线，锚绳，使桥面保持平直，做好通车准备。

起始状态: 显示		终止状态: 显示		移动节点: 3
1000	1	0	0	0	0	1	0	0	0	0	1	0	0	0	0	1
1000	1	0	0	0	0	1	0	0	0	0	1	0	0	0	0	1
1000	1	0	0	0	0	1	0	0	0	0	1	0	0	0	0	1
1000	1	0	0	0	0	1	0	0	0	0	1	0	0	0	0	1

配合:		0


5	1
活动栈桥-1/中孔栈桥梁-1/中孔栈桥-1/轨排螺栓垫片-2
列车通过渡轮
没有标记
sound\轮渡进出挡5.mp3

车体通过渡轮。

起始状态: 隐藏		终止状态: 显示		移动节点: 2
1000	1	0	0	0	0	1	0	0	0	0	1	0	0	0	0	1
1000	1	0	0	0	0	1	0	0	0	0	1	0	0	0	0	1
1000	1	0	0	0	0	1	0	0	0	0	1	0	0	0	0	1

配合:		0


5	1
火车模型-1
列车通过渡轮
没有标记
sound\轮渡进出挡5.mp3

车体通过渡轮。

起始状态: 隐藏		终止状态: 显示		移动节点: 13
1000	1	0	0	0	0	1	0	0	0	0	1	0	-2	0	0	1
1000	1	0	0	0	0	1	0	0	0	0	1	0	-6	0	0	1
1000	1	0	0	0	0	1	0	0	0	0	1	0	-10	0	0	1
1000	1	0	0	0	0	1	0	0	0	0	1	0	-15	0	0	1
1000	1	0	0	0	0	1	0	0	0	0	1	0	-20	0	0	1
1000	1	0	0	0	0	1	0	0	0	0	1	0	-30	0	0	1
1000	1	0	0	0	0	1	0	0	0	0	1	0	-40	0	0	1
1000	1	0	0	0	0	1	0	0	0	0	1	0	-50	0	0	1
1000	1	0	0	0	0	1	0	0	0	0	1	0	-60	0	0	1
1000	1	0	0	0	0	1	0	0	0	0	1	0	-70	0	0	1
1000	1	0	0	0	0	1	0	0	0	0	1	0	-75	0	0	1
1000	1	0	0	0	0	1	0	0	0	0	1	0	-80	0	0	1
1000	1	0	0	0	0	1	0	0	0	0	1	0	-82	0	0	1
1000	1	0	0	0	0	1	0	0	0	0	1	0	-84	0	0	1

配合:		0


