1	1
托架桁`-3
安装托架桁
没有标记
sound\门桥托架预拼1.mp3

人工将托架桁竖立好，调整好间距。托架桁间距为2700mm。

起始状态: 隐藏		终止状态: 显示		移动节点: 1
1000	1	0	0	0	0	1	0	0	0	0	1	0	0	1	0	1
1000	1	0	0	0	0	1	0	0	0	0	1	0	0	0	0	1

配合:		0


2	1
托架横联-1
连接托架桁联
没有标记
sound\门桥托架预拼2.mp3

人工抬动托架蚜，与托架桁进行连接。蚜通过M22×60的螺栓与托架桁立柱角钢相连。注意：螺栓先连上，不紧固，为下一步梁部连接提供方便。

起始状态: 隐藏		终止状态: 显示		移动节点: 1
1000	1	0	0	0	0	1	0	0	0	0	1	0	-1	0	0	1
1000	1	0	0	0	0	1	0	0	0	0	1	0	0	0	0	1

配合:		1
没有标记
托架横联-1	2	1
托架桁`-3	6	0


2	1
托架横联-3
连接托架桁联
没有标记
sound\门桥托架预拼2.mp3

人工抬动托架蚜，与托架桁进行连接。蚜通过M22×60的螺栓与托架桁立柱角钢相连。注意：螺栓先连上，不紧固，为下一步梁部连接提供方便。

起始状态: 隐藏		终止状态: 显示		移动节点: 1
1000	1	0	0	0	0	1	0	0	0	0	1	0	1	0	0	1
1000	1	0	0	0	0	1	0	0	0	0	1	0	0	0	0	1

配合:		1
没有标记
托架横联-3	0	5
托架桁`-3	3	0


2	2
M22螺母-44
连接托架桁联
没有标记
sound\门桥托架预拼2.mp3

人工抬动托架蚜，与托架桁进行连接。蚜通过M22×60的螺栓与托架桁立柱角钢相连。注意：螺栓先连上，不紧固，为下一步梁部连接提供方便。

起始状态: 隐藏		终止状态: 显示		移动节点: 1
1000	1	0	0	0	0	1	0	0	0	0	1	0	0	0	0.3	1
1000	1	0	0	0	0	1	0	0	0	0	1	0	0	0	0	1

配合:		0


2	2
垫圈M22-28
连接托架桁联
没有标记
sound\门桥托架预拼2.mp3

人工抬动托架蚜，与托架桁进行连接。蚜通过M22×60的螺栓与托架桁立柱角钢相连。注意：螺栓先连上，不紧固，为下一步梁部连接提供方便。

起始状态: 隐藏		终止状态: 显示		移动节点: 1
1000	1	0	0	0	0	1	0	0	0	0	1	0	-0.3	0	0	1
1000	1	0	0	0	0	1	0	0	0	0	1	0	0	0	0	1

配合:		0


2	2
M22螺母-70
连接托架桁联
没有标记
sound\门桥托架预拼2.mp3

人工抬动托架蚜，与托架桁进行连接。蚜通过M22×60的螺栓与托架桁立柱角钢相连。注意：螺栓先连上，不紧固，为下一步梁部连接提供方便。

起始状态: 隐藏		终止状态: 显示		移动节点: 1
1000	1	0	0	0	0	1	0	0	0	0	1	0	0	0	0.3	1
1000	1	0	0	0	0	1	0	0	0	0	1	0	0	0	0	1

配合:		0


2	2
M22x60-56
连接托架桁联
没有标记
sound\门桥托架预拼2.mp3

人工抬动托架蚜，与托架桁进行连接。蚜通过M22×60的螺栓与托架桁立柱角钢相连。注意：螺栓先连上，不紧固，为下一步梁部连接提供方便。

起始状态: 隐藏		终止状态: 显示		移动节点: 1
1000	1	0	0	0	0	1	0	0	0	0	1	0	-0.3	0	0	1
1000	1	0	0	0	0	1	0	0	0	0	1	0	0	0	0	1

配合:		0


2	2
M22x60-68
连接托架桁联
没有标记
sound\门桥托架预拼2.mp3

人工抬动托架蚜，与托架桁进行连接。蚜通过M22×60的螺栓与托架桁立柱角钢相连。注意：螺栓先连上，不紧固，为下一步梁部连接提供方便。

起始状态: 隐藏		终止状态: 显示		移动节点: 1
1000	1	0	0	0	0	1	0	0	0	0	1	0	-0.3	0	0	1
1000	1	0	0	0	0	1	0	0	0	0	1	0	0	0	0	1

配合:		0


2	2
M22螺母-68
连接托架桁联
没有标记
sound\门桥托架预拼2.mp3

人工抬动托架蚜，与托架桁进行连接。蚜通过M22×60的螺栓与托架桁立柱角钢相连。注意：螺栓先连上，不紧固，为下一步梁部连接提供方便。

起始状态: 隐藏		终止状态: 显示		移动节点: 1
1000	1	0	0	0	0	1	0	0	0	0	1	0	0	0	0.3	1
1000	1	0	0	0	0	1	0	0	0	0	1	0	0	0	0	1

配合:		0


2	2
M22螺母-45
连接托架桁联
没有标记
sound\门桥托架预拼2.mp3

人工抬动托架蚜，与托架桁进行连接。蚜通过M22×60的螺栓与托架桁立柱角钢相连。注意：螺栓先连上，不紧固，为下一步梁部连接提供方便。

起始状态: 隐藏		终止状态: 显示		移动节点: 1
1000	1	0	0	0	0	1	0	0	0	0	1	0	0	0	0.3	1
1000	1	0	0	0	0	1	0	0	0	0	1	0	0	0	0	1

配合:		0


2	2
M22螺母-43
连接托架桁联
没有标记
sound\门桥托架预拼2.mp3

人工抬动托架蚜，与托架桁进行连接。蚜通过M22×60的螺栓与托架桁立柱角钢相连。注意：螺栓先连上，不紧固，为下一步梁部连接提供方便。

起始状态: 隐藏		终止状态: 显示		移动节点: 1
1000	1	0	0	0	0	1	0	0	0	0	1	0	0	0	0.3	1
1000	1	0	0	0	0	1	0	0	0	0	1	0	0	0	0	1

配合:		0


2	2
M22螺母-58
连接托架桁联
没有标记
sound\门桥托架预拼2.mp3

人工抬动托架蚜，与托架桁进行连接。蚜通过M22×60的螺栓与托架桁立柱角钢相连。注意：螺栓先连上，不紧固，为下一步梁部连接提供方便。

起始状态: 隐藏		终止状态: 显示		移动节点: 1
1000	1	0	0	0	0	1	0	0	0	0	1	0	0	0	0.3	1
1000	1	0	0	0	0	1	0	0	0	0	1	0	0	0	0	1

配合:		0


2	2
垫圈M22-43
连接托架桁联
没有标记
sound\门桥托架预拼2.mp3

人工抬动托架蚜，与托架桁进行连接。蚜通过M22×60的螺栓与托架桁立柱角钢相连。注意：螺栓先连上，不紧固，为下一步梁部连接提供方便。

起始状态: 隐藏		终止状态: 显示		移动节点: 1
1000	1	0	0	0	0	1	0	0	0	0	1	0	-0.3	0	0	1
1000	1	0	0	0	0	1	0	0	0	0	1	0	0	0	0	1

配合:		0


2	2
M22螺母-46
连接托架桁联
没有标记
sound\门桥托架预拼2.mp3

人工抬动托架蚜，与托架桁进行连接。蚜通过M22×60的螺栓与托架桁立柱角钢相连。注意：螺栓先连上，不紧固，为下一步梁部连接提供方便。

起始状态: 隐藏		终止状态: 显示		移动节点: 1
1000	1	0	0	0	0	1	0	0	0	0	1	0	0	0	0.3	1
1000	1	0	0	0	0	1	0	0	0	0	1	0	0	0	0	1

配合:		0


2	2
垫圈M22-31
连接托架桁联
没有标记
sound\门桥托架预拼2.mp3

人工抬动托架蚜，与托架桁进行连接。蚜通过M22×60的螺栓与托架桁立柱角钢相连。注意：螺栓先连上，不紧固，为下一步梁部连接提供方便。

起始状态: 隐藏		终止状态: 显示		移动节点: 1
1000	1	0	0	0	0	1	0	0	0	0	1	0	-0.3	0	0	1
1000	1	0	0	0	0	1	0	0	0	0	1	0	0	0	0	1

配合:		0


2	2
M22x60-30
连接托架桁联
没有标记
sound\门桥托架预拼2.mp3

人工抬动托架蚜，与托架桁进行连接。蚜通过M22×60的螺栓与托架桁立柱角钢相连。注意：螺栓先连上，不紧固，为下一步梁部连接提供方便。

起始状态: 隐藏		终止状态: 显示		移动节点: 1
1000	1	0	0	0	0	1	0	0	0	0	1	0	-0.3	0	0	1
1000	1	0	0	0	0	1	0	0	0	0	1	0	0	0	0	1

配合:		0


2	2
垫圈M22-42
连接托架桁联
没有标记
sound\门桥托架预拼2.mp3

人工抬动托架蚜，与托架桁进行连接。蚜通过M22×60的螺栓与托架桁立柱角钢相连。注意：螺栓先连上，不紧固，为下一步梁部连接提供方便。

起始状态: 隐藏		终止状态: 显示		移动节点: 1
1000	1	0	0	0	0	1	0	0	0	0	1	0	-0.3	0	0	1
1000	1	0	0	0	0	1	0	0	0	0	1	0	0	0	0	1

配合:		0


2	2
垫圈M22-29
连接托架桁联
没有标记
sound\门桥托架预拼2.mp3

人工抬动托架蚜，与托架桁进行连接。蚜通过M22×60的螺栓与托架桁立柱角钢相连。注意：螺栓先连上，不紧固，为下一步梁部连接提供方便。

起始状态: 隐藏		终止状态: 显示		移动节点: 1
1000	1	0	0	0	0	1	0	0	0	0	1	0	-0.3	0	0	1
1000	1	0	0	0	0	1	0	0	0	0	1	0	0	0	0	1

配合:		0


2	2
垫圈M22-55
连接托架桁联
没有标记
sound\门桥托架预拼2.mp3

人工抬动托架蚜，与托架桁进行连接。蚜通过M22×60的螺栓与托架桁立柱角钢相连。注意：螺栓先连上，不紧固，为下一步梁部连接提供方便。

起始状态: 隐藏		终止状态: 显示		移动节点: 1
1000	1	0	0	0	0	1	0	0	0	0	1	0	-0.3	0	0	1
1000	1	0	0	0	0	1	0	0	0	0	1	0	0	0	0	1

配合:		0


2	2
M22x60-67
连接托架桁联
没有标记
sound\门桥托架预拼2.mp3

人工抬动托架蚜，与托架桁进行连接。蚜通过M22×60的螺栓与托架桁立柱角钢相连。注意：螺栓先连上，不紧固，为下一步梁部连接提供方便。

起始状态: 隐藏		终止状态: 显示		移动节点: 1
1000	1	0	0	0	0	1	0	0	0	0	1	0	-0.3	0	0	1
1000	1	0	0	0	0	1	0	0	0	0	1	0	0	0	0	1

配合:		0


2	2
M22x60-31
连接托架桁联
没有标记
sound\门桥托架预拼2.mp3

人工抬动托架蚜，与托架桁进行连接。蚜通过M22×60的螺栓与托架桁立柱角钢相连。注意：螺栓先连上，不紧固，为下一步梁部连接提供方便。

起始状态: 隐藏		终止状态: 显示		移动节点: 1
1000	1	0	0	0	0	1	0	0	0	0	1	0	-0.3	0	0	1
1000	1	0	0	0	0	1	0	0	0	0	1	0	0	0	0	1

配合:		0


2	2
M22x60-58
连接托架桁联
没有标记
sound\门桥托架预拼2.mp3

人工抬动托架蚜，与托架桁进行连接。蚜通过M22×60的螺栓与托架桁立柱角钢相连。注意：螺栓先连上，不紧固，为下一步梁部连接提供方便。

起始状态: 隐藏		终止状态: 显示		移动节点: 1
1000	1	0	0	0	0	1	0	0	0	0	1	0	-0.3	0	0	1
1000	1	0	0	0	0	1	0	0	0	0	1	0	0	0	0	1

配合:		0


2	2
M22x60-66
连接托架桁联
没有标记
sound\门桥托架预拼2.mp3

人工抬动托架蚜，与托架桁进行连接。蚜通过M22×60的螺栓与托架桁立柱角钢相连。注意：螺栓先连上，不紧固，为下一步梁部连接提供方便。

起始状态: 隐藏		终止状态: 显示		移动节点: 1
1000	1	0	0	0	0	1	0	0	0	0	1	0	-0.3	0	0	1
1000	1	0	0	0	0	1	0	0	0	0	1	0	0	0	0	1

配合:		0


2	2
垫圈M22-30
连接托架桁联
没有标记
sound\门桥托架预拼2.mp3

人工抬动托架蚜，与托架桁进行连接。蚜通过M22×60的螺栓与托架桁立柱角钢相连。注意：螺栓先连上，不紧固，为下一步梁部连接提供方便。

起始状态: 隐藏		终止状态: 显示		移动节点: 1
1000	1	0	0	0	0	1	0	0	0	0	1	0	-0.3	0	0	1
1000	1	0	0	0	0	1	0	0	0	0	1	0	0	0	0	1

配合:		0


2	2
M22螺母-57
连接托架桁联
没有标记
sound\门桥托架预拼2.mp3

人工抬动托架蚜，与托架桁进行连接。蚜通过M22×60的螺栓与托架桁立柱角钢相连。注意：螺栓先连上，不紧固，为下一步梁部连接提供方便。

起始状态: 隐藏		终止状态: 显示		移动节点: 1
1000	1	0	0	0	0	1	0	0	0	0	1	0	0	0	0.3	1
1000	1	0	0	0	0	1	0	0	0	0	1	0	0	0	0	1

配合:		0


2	2
垫圈M22-41
连接托架桁联
没有标记
sound\门桥托架预拼2.mp3

人工抬动托架蚜，与托架桁进行连接。蚜通过M22×60的螺栓与托架桁立柱角钢相连。注意：螺栓先连上，不紧固，为下一步梁部连接提供方便。

起始状态: 隐藏		终止状态: 显示		移动节点: 1
1000	1	0	0	0	0	1	0	0	0	0	1	0	-0.3	0	0	1
1000	1	0	0	0	0	1	0	0	0	0	1	0	0	0	0	1

配合:		0


2	2
M22x60-55
连接托架桁联
没有标记
sound\门桥托架预拼2.mp3

人工抬动托架蚜，与托架桁进行连接。蚜通过M22×60的螺栓与托架桁立柱角钢相连。注意：螺栓先连上，不紧固，为下一步梁部连接提供方便。

起始状态: 隐藏		终止状态: 显示		移动节点: 1
1000	1	0	0	0	0	1	0	0	0	0	1	0	-0.3	0	0	1
1000	1	0	0	0	0	1	0	0	0	0	1	0	0	0	0	1

配合:		0


2	2
M22x60-69
连接托架桁联
没有标记
sound\门桥托架预拼2.mp3

人工抬动托架蚜，与托架桁进行连接。蚜通过M22×60的螺栓与托架桁立柱角钢相连。注意：螺栓先连上，不紧固，为下一步梁部连接提供方便。

起始状态: 隐藏		终止状态: 显示		移动节点: 1
1000	1	0	0	0	0	1	0	0	0	0	1	0	-0.3	0	0	1
1000	1	0	0	0	0	1	0	0	0	0	1	0	0	0	0	1

配合:		0


2	2
M22x60-71
连接托架桁联
没有标记
sound\门桥托架预拼2.mp3

人工抬动托架蚜，与托架桁进行连接。蚜通过M22×60的螺栓与托架桁立柱角钢相连。注意：螺栓先连上，不紧固，为下一步梁部连接提供方便。

起始状态: 隐藏		终止状态: 显示		移动节点: 1
1000	1	0	0	0	0	1	0	0	0	0	1	0	-0.3	0	0	1
1000	1	0	0	0	0	1	0	0	0	0	1	0	0	0	0	1

配合:		0


2	2
垫圈M22-54
连接托架桁联
没有标记
sound\门桥托架预拼2.mp3

人工抬动托架蚜，与托架桁进行连接。蚜通过M22×60的螺栓与托架桁立柱角钢相连。注意：螺栓先连上，不紧固，为下一步梁部连接提供方便。

起始状态: 隐藏		终止状态: 显示		移动节点: 1
1000	1	0	0	0	0	1	0	0	0	0	1	0	-0.3	0	0	1
1000	1	0	0	0	0	1	0	0	0	0	1	0	0	0	0	1

配合:		0


2	2
垫圈M22-24
连接托架桁联
没有标记
sound\门桥托架预拼2.mp3

人工抬动托架蚜，与托架桁进行连接。蚜通过M22×60的螺栓与托架桁立柱角钢相连。注意：螺栓先连上，不紧固，为下一步梁部连接提供方便。

起始状态: 隐藏		终止状态: 显示		移动节点: 1
1000	1	0	0	0	0	1	0	0	0	0	1	0	-0.3	0	0	1
1000	1	0	0	0	0	1	0	0	0	0	1	0	0	0	0	1

配合:		0


2	2
M22螺母-42
连接托架桁联
没有标记
sound\门桥托架预拼2.mp3

人工抬动托架蚜，与托架桁进行连接。蚜通过M22×60的螺栓与托架桁立柱角钢相连。注意：螺栓先连上，不紧固，为下一步梁部连接提供方便。

起始状态: 隐藏		终止状态: 显示		移动节点: 1
1000	1	0	0	0	0	1	0	0	0	0	1	0	0	0	0.3	1
1000	1	0	0	0	0	1	0	0	0	0	1	0	0	0	0	1

配合:		0


2	2
M22螺母-39
连接托架桁联
没有标记
sound\门桥托架预拼2.mp3

人工抬动托架蚜，与托架桁进行连接。蚜通过M22×60的螺栓与托架桁立柱角钢相连。注意：螺栓先连上，不紧固，为下一步梁部连接提供方便。

起始状态: 隐藏		终止状态: 显示		移动节点: 1
1000	1	0	0	0	0	1	0	0	0	0	1	0	0	0	0.3	1
1000	1	0	0	0	0	1	0	0	0	0	1	0	0	0	0	1

配合:		0


2	2
M22x60-57
连接托架桁联
没有标记
sound\门桥托架预拼2.mp3

人工抬动托架蚜，与托架桁进行连接。蚜通过M22×60的螺栓与托架桁立柱角钢相连。注意：螺栓先连上，不紧固，为下一步梁部连接提供方便。

起始状态: 隐藏		终止状态: 显示		移动节点: 1
1000	1	0	0	0	0	1	0	0	0	0	1	0	-0.3	0	0	1
1000	1	0	0	0	0	1	0	0	0	0	1	0	0	0	0	1

配合:		0


2	2
M22螺母-69
连接托架桁联
没有标记
sound\门桥托架预拼2.mp3

人工抬动托架蚜，与托架桁进行连接。蚜通过M22×60的螺栓与托架桁立柱角钢相连。注意：螺栓先连上，不紧固，为下一步梁部连接提供方便。

起始状态: 隐藏		终止状态: 显示		移动节点: 1
1000	1	0	0	0	0	1	0	0	0	0	1	0	0	0	0.3	1
1000	1	0	0	0	0	1	0	0	0	0	1	0	0	0	0	1

配合:		0


2	2
M22x60-70
连接托架桁联
没有标记
sound\门桥托架预拼2.mp3

人工抬动托架蚜，与托架桁进行连接。蚜通过M22×60的螺栓与托架桁立柱角钢相连。注意：螺栓先连上，不紧固，为下一步梁部连接提供方便。

起始状态: 隐藏		终止状态: 显示		移动节点: 1
1000	1	0	0	0	0	1	0	0	0	0	1	0	-0.3	0	0	1
1000	1	0	0	0	0	1	0	0	0	0	1	0	0	0	0	1

配合:		0


2	2
M22螺母-56
连接托架桁联
没有标记
sound\门桥托架预拼2.mp3

人工抬动托架蚜，与托架桁进行连接。蚜通过M22×60的螺栓与托架桁立柱角钢相连。注意：螺栓先连上，不紧固，为下一步梁部连接提供方便。

起始状态: 隐藏		终止状态: 显示		移动节点: 1
1000	1	0	0	0	0	1	0	0	0	0	1	0	0	0	0.3	1
1000	1	0	0	0	0	1	0	0	0	0	1	0	0	0	0	1

配合:		0


2	2
垫圈M22-27
连接托架桁联
没有标记
sound\门桥托架预拼2.mp3

人工抬动托架蚜，与托架桁进行连接。蚜通过M22×60的螺栓与托架桁立柱角钢相连。注意：螺栓先连上，不紧固，为下一步梁部连接提供方便。

起始状态: 隐藏		终止状态: 显示		移动节点: 1
1000	1	0	0	0	0	1	0	0	0	0	1	0	-0.3	0	0	1
1000	1	0	0	0	0	1	0	0	0	0	1	0	0	0	0	1

配合:		0


2	2
垫圈M22-53
连接托架桁联
没有标记
sound\门桥托架预拼2.mp3

人工抬动托架蚜，与托架桁进行连接。蚜通过M22×60的螺栓与托架桁立柱角钢相连。注意：螺栓先连上，不紧固，为下一步梁部连接提供方便。

起始状态: 隐藏		终止状态: 显示		移动节点: 1
1000	1	0	0	0	0	1	0	0	0	0	1	0	-0.3	0	0	1
1000	1	0	0	0	0	1	0	0	0	0	1	0	0	0	0	1

配合:		0


3	1
托架桁`-2
安装第二片托架桁
没有标记
sound\门桥托架预拼3.mp3

人工抬动第二片托架桁，与蚜相连接。

起始状态: 隐藏		终止状态: 显示		移动节点: 1
2000	1	0	0	0	0	1	0	0	0	0	1	0	0	0	0.5	1
1000	1	0	0	0	0	1	0	0	0	0	1	0	0	0	0	1

配合:		1
没有标记
托架桁`-2	6	0
托架横联-3	2	1


3	2
M22螺母-54
安装第二片托架桁
没有标记
sound\门桥托架预拼3.mp3

人工抬动第二片托架桁，与蚜相连接。

起始状态: 隐藏		终止状态: 显示		移动节点: 1
1000	1	0	0	0	0	1	0	0	0	0	1	0	0	0	0.3	1
1000	1	0	0	0	0	1	0	0	0	0	1	0	0	0	0	1

配合:		0


3	2
M22螺母-2
安装第二片托架桁
没有标记
sound\门桥托架预拼3.mp3

人工抬动第二片托架桁，与蚜相连接。

起始状态: 隐藏		终止状态: 显示		移动节点: 1
1000	1	0	0	0	0	1	0	0	0	0	1	0	0	0	0.3	1
1000	1	0	0	0	0	1	0	0	0	0	1	0	0	0	0	1

配合:		0


3	2
M22螺母-51
安装第二片托架桁
没有标记
sound\门桥托架预拼3.mp3

人工抬动第二片托架桁，与蚜相连接。

起始状态: 隐藏		终止状态: 显示		移动节点: 1
1000	1	0	0	0	0	1	0	0	0	0	1	0	0	0	0.3	1
1000	1	0	0	0	0	1	0	0	0	0	1	0	0	0	0	1

配合:		0


3	2
垫圈M22-32
安装第二片托架桁
没有标记
sound\门桥托架预拼3.mp3

人工抬动第二片托架桁，与蚜相连接。

起始状态: 隐藏		终止状态: 显示		移动节点: 1
1000	1	0	0	0	0	1	0	0	0	0	1	0	-0.3	0	0	1
1000	1	0	0	0	0	1	0	0	0	0	1	0	0	0	0	1

配合:		0


3	2
M22螺母-47
安装第二片托架桁
没有标记
sound\门桥托架预拼3.mp3

人工抬动第二片托架桁，与蚜相连接。

起始状态: 隐藏		终止状态: 显示		移动节点: 1
1000	1	0	0	0	0	1	0	0	0	0	1	0	0	0	0.3	1
1000	1	0	0	0	0	1	0	0	0	0	1	0	0	0	0	1

配合:		0


3	2
垫圈M22-35
安装第二片托架桁
没有标记
sound\门桥托架预拼3.mp3

人工抬动第二片托架桁，与蚜相连接。

起始状态: 隐藏		终止状态: 显示		移动节点: 1
1000	1	0	0	0	0	1	0	0	0	0	1	0	-0.3	0	0	1
1000	1	0	0	0	0	1	0	0	0	0	1	0	0	0	0	1

配合:		0


3	2
M22螺母-40
安装第二片托架桁
没有标记
sound\门桥托架预拼3.mp3

人工抬动第二片托架桁，与蚜相连接。

起始状态: 隐藏		终止状态: 显示		移动节点: 1
1000	1	0	0	0	0	1	0	0	0	0	1	0	0	0	0.3	1
1000	1	0	0	0	0	1	0	0	0	0	1	0	0	0	0	1

配合:		0


3	2
垫圈M22-38
安装第二片托架桁
没有标记
sound\门桥托架预拼3.mp3

人工抬动第二片托架桁，与蚜相连接。

起始状态: 隐藏		终止状态: 显示		移动节点: 1
1000	1	0	0	0	0	1	0	0	0	0	1	0	-0.3	0	0	1
1000	1	0	0	0	0	1	0	0	0	0	1	0	0	0	0	1

配合:		0


3	2
M22螺母-49
安装第二片托架桁
没有标记
sound\门桥托架预拼3.mp3

人工抬动第二片托架桁，与蚜相连接。

起始状态: 隐藏		终止状态: 显示		移动节点: 1
1000	1	0	0	0	0	1	0	0	0	0	1	0	0	0	0.3	1
1000	1	0	0	0	0	1	0	0	0	0	1	0	0	0	0	1

配合:		0


3	2
M22螺母-41
安装第二片托架桁
没有标记
sound\门桥托架预拼3.mp3

人工抬动第二片托架桁，与蚜相连接。

起始状态: 隐藏		终止状态: 显示		移动节点: 1
1000	1	0	0	0	0	1	0	0	0	0	1	0	0	0	0.3	1
1000	1	0	0	0	0	1	0	0	0	0	1	0	0	0	0	1

配合:		0


3	2
M22x60-65
安装第二片托架桁
没有标记
sound\门桥托架预拼3.mp3

人工抬动第二片托架桁，与蚜相连接。

起始状态: 隐藏		终止状态: 显示		移动节点: 1
1000	1	0	0	0	0	1	0	0	0	0	1	0	-0.3	0	0	1
1000	1	0	0	0	0	1	0	0	0	0	1	0	0	0	0	1

配合:		0


3	2
垫圈M22-26
安装第二片托架桁
没有标记
sound\门桥托架预拼3.mp3

人工抬动第二片托架桁，与蚜相连接。

起始状态: 隐藏		终止状态: 显示		移动节点: 1
1000	1	0	0	0	0	1	0	0	0	0	1	0	-0.3	0	0	1
1000	1	0	0	0	0	1	0	0	0	0	1	0	0	0	0	1

配合:		0


3	2
M22x60-63
安装第二片托架桁
没有标记
sound\门桥托架预拼3.mp3

人工抬动第二片托架桁，与蚜相连接。

起始状态: 隐藏		终止状态: 显示		移动节点: 1
1000	1	0	0	0	0	1	0	0	0	0	1	0	-0.3	0	0	1
1000	1	0	0	0	0	1	0	0	0	0	1	0	0	0	0	1

配合:		0


3	2
垫圈M22-1
安装第二片托架桁
没有标记
sound\门桥托架预拼3.mp3

人工抬动第二片托架桁，与蚜相连接。

起始状态: 隐藏		终止状态: 显示		移动节点: 1
1000	1	0	0	0	0	1	0	0	0	0	1	0	-0.3	0	0	1
1000	1	0	0	0	0	1	0	0	0	0	1	0	0	0	0	1

配合:		0


3	2
垫圈M22-37
安装第二片托架桁
没有标记
sound\门桥托架预拼3.mp3

人工抬动第二片托架桁，与蚜相连接。

起始状态: 隐藏		终止状态: 显示		移动节点: 1
1000	1	0	0	0	0	1	0	0	0	0	1	0	-0.3	0	0	1
1000	1	0	0	0	0	1	0	0	0	0	1	0	0	0	0	1

配合:		0


3	2
垫圈M22-25
安装第二片托架桁
没有标记
sound\门桥托架预拼3.mp3

人工抬动第二片托架桁，与蚜相连接。

起始状态: 隐藏		终止状态: 显示		移动节点: 1
1000	1	0	0	0	0	1	0	0	0	0	1	0	-0.3	0	0	1
1000	1	0	0	0	0	1	0	0	0	0	1	0	0	0	0	1

配合:		0


3	2
M22x60-59
安装第二片托架桁
没有标记
sound\门桥托架预拼3.mp3

人工抬动第二片托架桁，与蚜相连接。

起始状态: 隐藏		终止状态: 显示		移动节点: 1
1000	1	0	0	0	0	1	0	0	0	0	1	0	-0.3	0	0	1
1000	1	0	0	0	0	1	0	0	0	0	1	0	0	0	0	1

配合:		0


3	2
M22螺母-48
安装第二片托架桁
没有标记
sound\门桥托架预拼3.mp3

人工抬动第二片托架桁，与蚜相连接。

起始状态: 隐藏		终止状态: 显示		移动节点: 1
1000	1	0	0	0	0	1	0	0	0	0	1	0	0	0	0.3	1
1000	1	0	0	0	0	1	0	0	0	0	1	0	0	0	0	1

配合:		0


3	2
M22x60-61
安装第二片托架桁
没有标记
sound\门桥托架预拼3.mp3

人工抬动第二片托架桁，与蚜相连接。

起始状态: 隐藏		终止状态: 显示		移动节点: 1
1000	1	0	0	0	0	1	0	0	0	0	1	0	-0.3	0	0	1
1000	1	0	0	0	0	1	0	0	0	0	1	0	0	0	0	1

配合:		0


3	2
M22x60-60
安装第二片托架桁
没有标记
sound\门桥托架预拼3.mp3

人工抬动第二片托架桁，与蚜相连接。

起始状态: 隐藏		终止状态: 显示		移动节点: 1
1000	1	0	0	0	0	1	0	0	0	0	1	0	-0.3	0	0	1
1000	1	0	0	0	0	1	0	0	0	0	1	0	0	0	0	1

配合:		0


3	2
M22x60-72
安装第二片托架桁
没有标记
sound\门桥托架预拼3.mp3

人工抬动第二片托架桁，与蚜相连接。

起始状态: 隐藏		终止状态: 显示		移动节点: 1
1000	1	0	0	0	0	1	0	0	0	0	1	0	-0.3	0	0	1
1000	1	0	0	0	0	1	0	0	0	0	1	0	0	0	0	1

配合:		0


3	2
M22螺母-55
安装第二片托架桁
没有标记
sound\门桥托架预拼3.mp3

人工抬动第二片托架桁，与蚜相连接。

起始状态: 隐藏		终止状态: 显示		移动节点: 1
1000	1	0	0	0	0	1	0	0	0	0	1	0	0	0	0.3	1
1000	1	0	0	0	0	1	0	0	0	0	1	0	0	0	0	1

配合:		0


3	2
M22螺母-53
安装第二片托架桁
没有标记
sound\门桥托架预拼3.mp3

人工抬动第二片托架桁，与蚜相连接。

起始状态: 隐藏		终止状态: 显示		移动节点: 1
1000	1	0	0	0	0	1	0	0	0	0	1	0	0	0	0.3	1
1000	1	0	0	0	0	1	0	0	0	0	1	0	0	0	0	1

配合:		0


3	2
M22x60-74
安装第二片托架桁
没有标记
sound\门桥托架预拼3.mp3

人工抬动第二片托架桁，与蚜相连接。

起始状态: 隐藏		终止状态: 显示		移动节点: 1
1000	1	0	0	0	0	1	0	0	0	0	1	0	-0.3	0	0	1
1000	1	0	0	0	0	1	0	0	0	0	1	0	0	0	0	1

配合:		0


3	2
M22x60-64
安装第二片托架桁
没有标记
sound\门桥托架预拼3.mp3

人工抬动第二片托架桁，与蚜相连接。

起始状态: 隐藏		终止状态: 显示		移动节点: 1
1000	1	0	0	0	0	1	0	0	0	0	1	0	-0.3	0	0	1
1000	1	0	0	0	0	1	0	0	0	0	1	0	0	0	0	1

配合:		0


3	2
M22螺母-50
安装第二片托架桁
没有标记
sound\门桥托架预拼3.mp3

人工抬动第二片托架桁，与蚜相连接。

起始状态: 隐藏		终止状态: 显示		移动节点: 1
1000	1	0	0	0	0	1	0	0	0	0	1	0	0	0	0.3	1
1000	1	0	0	0	0	1	0	0	0	0	1	0	0	0	0	1

配合:		0


3	2
M22x60-75
安装第二片托架桁
没有标记
sound\门桥托架预拼3.mp3

人工抬动第二片托架桁，与蚜相连接。

起始状态: 隐藏		终止状态: 显示		移动节点: 1
1000	1	0	0	0	0	1	0	0	0	0	1	0	-0.3	0	0	1
1000	1	0	0	0	0	1	0	0	0	0	1	0	0	0	0	1

配合:		0


3	2
垫圈M22-40
安装第二片托架桁
没有标记
sound\门桥托架预拼3.mp3

人工抬动第二片托架桁，与蚜相连接。

起始状态: 隐藏		终止状态: 显示		移动节点: 1
1000	1	0	0	0	0	1	0	0	0	0	1	0	-0.3	0	0	1
1000	1	0	0	0	0	1	0	0	0	0	1	0	0	0	0	1

配合:		0


3	2
M22x60-62
安装第二片托架桁
没有标记
sound\门桥托架预拼3.mp3

人工抬动第二片托架桁，与蚜相连接。

起始状态: 隐藏		终止状态: 显示		移动节点: 1
1000	1	0	0	0	0	1	0	0	0	0	1	0	-0.3	0	0	1
1000	1	0	0	0	0	1	0	0	0	0	1	0	0	0	0	1

配合:		0


3	2
垫圈M22-34
安装第二片托架桁
没有标记
sound\门桥托架预拼3.mp3

人工抬动第二片托架桁，与蚜相连接。

起始状态: 隐藏		终止状态: 显示		移动节点: 1
1000	1	0	0	0	0	1	0	0	0	0	1	0	-0.3	0	0	1
1000	1	0	0	0	0	1	0	0	0	0	1	0	0	0	0	1

配合:		0


3	2
M22螺母-52
安装第二片托架桁
没有标记
sound\门桥托架预拼3.mp3

人工抬动第二片托架桁，与蚜相连接。

起始状态: 隐藏		终止状态: 显示		移动节点: 1
1000	1	0	0	0	0	1	0	0	0	0	1	0	0	0	0.3	1
1000	1	0	0	0	0	1	0	0	0	0	1	0	0	0	0	1

配合:		0


3	2
垫圈M22-36
安装第二片托架桁
没有标记
sound\门桥托架预拼3.mp3

人工抬动第二片托架桁，与蚜相连接。

起始状态: 隐藏		终止状态: 显示		移动节点: 1
1000	1	0	0	0	0	1	0	0	0	0	1	0	-0.3	0	0	1
1000	1	0	0	0	0	1	0	0	0	0	1	0	0	0	0	1

配合:		0


3	2
垫圈M22-39
安装第二片托架桁
没有标记
sound\门桥托架预拼3.mp3

人工抬动第二片托架桁，与蚜相连接。

起始状态: 隐藏		终止状态: 显示		移动节点: 1
1000	1	0	0	0	0	1	0	0	0	0	1	0	-0.3	0	0	1
1000	1	0	0	0	0	1	0	0	0	0	1	0	0	0	0	1

配合:		0


3	2
M22x60-73
安装第二片托架桁
没有标记
sound\门桥托架预拼3.mp3

人工抬动第二片托架桁，与蚜相连接。

起始状态: 隐藏		终止状态: 显示		移动节点: 1
1000	1	0	0	0	0	1	0	0	0	0	1	0	-0.3	0	0	1
1000	1	0	0	0	0	1	0	0	0	0	1	0	0	0	0	1

配合:		0


3	2
垫圈M22-33
安装第二片托架桁
没有标记
sound\门桥托架预拼3.mp3

人工抬动第二片托架桁，与蚜相连接。

起始状态: 隐藏		终止状态: 显示		移动节点: 1
1000	1	0	0	0	0	1	0	0	0	0	1	0	-0.3	0	0	1
1000	1	0	0	0	0	1	0	0	0	0	1	0	0	0	0	1

配合:		0


3	2
M22x60-76
安装第二片托架桁
没有标记
sound\门桥托架预拼3.mp3

人工抬动第二片托架桁，与蚜相连接。

起始状态: 隐藏		终止状态: 显示		移动节点: 1
1000	1	0	0	0	0	1	0	0	0	0	1	0	-0.3	0	0	1
1000	1	0	0	0	0	1	0	0	0	0	1	0	0	0	0	1

配合:		0


