1	1
B型活动墩-1
拼组渡轮栈桥B型活动墩
没有标记
sound\渡轮栈桥拼组.1.mp3

拼组完成第一座B型活动墩。

起始状态: 隐藏		终止状态: 显示		移动节点: 1
1000	1	0	0	0	0	1	0	0	0	0	1	0	0	2	0	1
1000	1	0	0	0	0	1	0	0	0	0	1	0	0	0	0	1

配合:		0


2	1
B型活动墩-2
拼组渡轮栈桥B型活动墩
没有标记
sound\渡轮栈桥拼组.2.mp3

拼组完成第二座B型活动墩。

起始状态: 隐藏		终止状态: 显示		移动节点: 1
1000	1	0	0	0	0	1	0	0	0	0	1	0	0	2	0	1
1000	1	0	0	0	0	1	0	0	0	0	1	0	0	0	0	1

配合:		0


3	1
中孔栈桥梁-1/固定墩-1
拼组一座固定墩
没有标记
sound\渡轮栈桥拼组.3.mp3

拼组完成第一座B型活动墩。

起始状态: 隐藏		终止状态: 显示		移动节点: 1
1000	1	0	0	0	0	1	0	0	0	0	1	0	0	2	0	1
1000	1	0	0	0	0	1	0	0	0	0	1	0	0	0	0	1

配合:		0


3	1
中孔栈桥梁-1/3号固定墩-1
拼组一座固定墩
没有标记
sound\渡轮栈桥拼组.3.mp3

拼组完成第一座B型活动墩。

起始状态: 隐藏		终止状态: 显示		移动节点: 1
1000	1	0	0	0	0	1	0	0	0	0	1	0	0	2	0	1
1000	1	0	0	0	0	1	0	0	0	0	1	0	0	0	0	1

配合:		0


4	1
鸡心桩梁-1/鸡心桩-1
安装鸡心桩梁
没有标记
sound\渡轮栈桥拼组.4.mp3

架设鸡心桩梁。

起始状态: 隐藏		终止状态: 显示		移动节点: 1
1000	1	0	0	0	0	1	0	0	0	0	1	0	0	2	0	1
1000	1	0	0	0	0	1	0	0	0	0	1	0	0	0	0	1

配合:		0


5	1
中孔栈桥梁-1/中孔栈桥-1/中孔-1
安装轨排工字梁
没有标记
sound\渡轮栈桥拼组.5.mp3

架设栈桥工字梁。

起始状态: 隐藏		终止状态: 显示		移动节点: 1
1000	1	0	0	0	0	1	0	0	0	0	1	0	0	2	0	1
1000	1	0	0	0	0	1	0	0	0	0	1	0	0	0	0	1

配合:		0


6	1
鸡心桩梁-1/轨排-1
安装鸡心桩梁轨排
没有标记
sound\渡轮栈桥拼组.6.mp3

鸡心桩梁上部安装轨排。

起始状态: 隐藏		终止状态: 显示		移动节点: 1
1500	1	0	0	0	0	1	0	0	0	0	1	0	0	0	2	1
1000	1	0	0	0	0	1	0	0	0	0	1	0	0	0	0	1

配合:		0


7	1
鸡心桩梁-1/轨排螺栓-1
钩头螺栓固定轨排
没有标记
sound\渡轮栈桥拼组.7.mp3

轨排通过钩头螺栓和鸡心桩梁连接成整体。

起始状态: 隐藏		终止状态: 显示		移动节点: 1
1000	1	0	0	0	0	1	0	0	0	0	1	0	0	0	-0.5	1
1000	1	0	0	0	0	1	0	0	0	0	1	0	0	0	0	1

配合:		0


7	2
鸡心桩梁-1/M22螺母-1
钩头螺栓固定轨排
没有标记
sound\渡轮栈桥拼组.7.mp3

轨排通过钩头螺栓和鸡心桩梁连接成整体。

起始状态: 隐藏		终止状态: 显示		移动节点: 1
1000	1	0	0	0	0	1	0	0	0	0	1	0	0	0	0.3	1
1000	1	0	0	0	0	1	0	0	0	0	1	0	0	0	0	1

配合:		0


7	2
鸡心桩梁-1/轨排螺栓垫片-1
钩头螺栓固定轨排
没有标记
sound\渡轮栈桥拼组.7.mp3

轨排通过钩头螺栓和鸡心桩梁连接成整体。

起始状态: 隐藏		终止状态: 显示		移动节点: 1
1000	1	0	0	0	0	1	0	0	0	0	1	0	0	0	-0.3	1
1000	1	0	0	0	0	1	0	0	0	0	1	0	0	0	0	1

配合:		0


7	3
鸡心桩梁-1/轨排螺栓垫片-13
没有标记
没有标记
sound\渡轮栈桥拼组.7.mp3

轨排通过钩头螺栓和鸡心桩梁连接成整体。

起始状态: 隐藏		终止状态: 显示		移动节点: 1
1000	1	0	0	0	0	1	0	0	0	0	1	0	0	0	-0.3	1
1000	1	0	0	0	0	1	0	0	0	0	1	0	0	0	0	1

配合:		0


7	3
鸡心桩梁-1/轨排螺栓垫片-30
没有标记
没有标记
sound\渡轮栈桥拼组.7.mp3

轨排通过钩头螺栓和鸡心桩梁连接成整体。

起始状态: 隐藏		终止状态: 显示		移动节点: 1
1000	1	0	0	0	0	1	0	0	0	0	1	0	0	0	-0.3	1
1000	1	0	0	0	0	1	0	0	0	0	1	0	0	0	0	1

配合:		0


7	3
鸡心桩梁-1/M22螺母-30
没有标记
没有标记
sound\渡轮栈桥拼组.7.mp3

轨排通过钩头螺栓和鸡心桩梁连接成整体。

起始状态: 隐藏		终止状态: 显示		移动节点: 1
1000	1	0	0	0	0	1	0	0	0	0	1	0	0	0	0.3	1
1000	1	0	0	0	0	1	0	0	0	0	1	0	0	0	0	1

配合:		0


7	3
鸡心桩梁-1/轨排螺栓垫片-20
没有标记
没有标记
sound\渡轮栈桥拼组.7.mp3

轨排通过钩头螺栓和鸡心桩梁连接成整体。

起始状态: 隐藏		终止状态: 显示		移动节点: 1
1000	1	0	0	0	0	1	0	0	0	0	1	0	0	0	-0.3	1
1000	1	0	0	0	0	1	0	0	0	0	1	0	0	0	0	1

配合:		0


7	3
鸡心桩梁-1/轨排螺栓-8
没有标记
没有标记
sound\渡轮栈桥拼组.7.mp3

轨排通过钩头螺栓和鸡心桩梁连接成整体。

起始状态: 隐藏		终止状态: 显示		移动节点: 1
1000	1	0	0	0	0	1	0	0	0	0	1	0	0	0	-0.3	1
1000	1	0	0	0	0	1	0	0	0	0	1	0	0	0	0	1

配合:		0


7	3
鸡心桩梁-1/轨排螺栓垫片-28
没有标记
没有标记
sound\渡轮栈桥拼组.7.mp3

轨排通过钩头螺栓和鸡心桩梁连接成整体。

起始状态: 隐藏		终止状态: 显示		移动节点: 1
1000	1	0	0	0	0	1	0	0	0	0	1	0	0	0	-0.3	1
1000	1	0	0	0	0	1	0	0	0	0	1	0	0	0	0	1

配合:		0


7	3
鸡心桩梁-1/轨排螺栓-6
没有标记
没有标记
sound\渡轮栈桥拼组.7.mp3

轨排通过钩头螺栓和鸡心桩梁连接成整体。

起始状态: 隐藏		终止状态: 显示		移动节点: 1
1000	1	0	0	0	0	1	0	0	0	0	1	0	0	0	-0.3	1
1000	1	0	0	0	0	1	0	0	0	0	1	0	0	0	0	1

配合:		0


7	3
鸡心桩梁-1/轨排螺栓-26
没有标记
没有标记
sound\渡轮栈桥拼组.7.mp3

轨排通过钩头螺栓和鸡心桩梁连接成整体。

起始状态: 隐藏		终止状态: 显示		移动节点: 1
1000	1	0	0	0	0	1	0	0	0	0	1	0	0	0	-0.3	1
1000	1	0	0	0	0	1	0	0	0	0	1	0	0	0	0	1

配合:		0


7	3
鸡心桩梁-1/轨排螺栓-14
没有标记
没有标记
sound\渡轮栈桥拼组.7.mp3

轨排通过钩头螺栓和鸡心桩梁连接成整体。

起始状态: 隐藏		终止状态: 显示		移动节点: 1
1000	1	0	0	0	0	1	0	0	0	0	1	0	0	0	-0.3	1
1000	1	0	0	0	0	1	0	0	0	0	1	0	0	0	0	1

配合:		0


7	3
鸡心桩梁-1/轨排螺栓垫片-3
没有标记
没有标记
sound\渡轮栈桥拼组.7.mp3

轨排通过钩头螺栓和鸡心桩梁连接成整体。

起始状态: 隐藏		终止状态: 显示		移动节点: 1
1000	1	0	0	0	0	1	0	0	0	0	1	0	0	0	-0.3	1
1000	1	0	0	0	0	1	0	0	0	0	1	0	0	0	0	1

配合:		0


7	3
鸡心桩梁-1/轨排螺栓-9
没有标记
没有标记
sound\渡轮栈桥拼组.7.mp3

轨排通过钩头螺栓和鸡心桩梁连接成整体。

起始状态: 隐藏		终止状态: 显示		移动节点: 1
1000	1	0	0	0	0	1	0	0	0	0	1	0	0	0	-0.3	1
1000	1	0	0	0	0	1	0	0	0	0	1	0	0	0	0	1

配合:		0


7	3
鸡心桩梁-1/轨排螺栓-28
没有标记
没有标记
sound\渡轮栈桥拼组.7.mp3

轨排通过钩头螺栓和鸡心桩梁连接成整体。

起始状态: 隐藏		终止状态: 显示		移动节点: 1
1000	1	0	0	0	0	1	0	0	0	0	1	0	0	0	-0.3	1
1000	1	0	0	0	0	1	0	0	0	0	1	0	0	0	0	1

配合:		0


7	3
鸡心桩梁-1/轨排螺栓垫片-29
没有标记
没有标记
sound\渡轮栈桥拼组.7.mp3

轨排通过钩头螺栓和鸡心桩梁连接成整体。

起始状态: 隐藏		终止状态: 显示		移动节点: 1
1000	1	0	0	0	0	1	0	0	0	0	1	0	0	0	-0.3	1
1000	1	0	0	0	0	1	0	0	0	0	1	0	0	0	0	1

配合:		0


7	3
鸡心桩梁-1/M22螺母-27
没有标记
没有标记
sound\渡轮栈桥拼组.7.mp3

轨排通过钩头螺栓和鸡心桩梁连接成整体。

起始状态: 隐藏		终止状态: 显示		移动节点: 1
1000	1	0	0	0	0	1	0	0	0	0	1	0	0	0	0.3	1
1000	1	0	0	0	0	1	0	0	0	0	1	0	0	0	0	1

配合:		0


7	3
鸡心桩梁-1/M22螺母-7
没有标记
没有标记
sound\渡轮栈桥拼组.7.mp3

轨排通过钩头螺栓和鸡心桩梁连接成整体。

起始状态: 隐藏		终止状态: 显示		移动节点: 1
1000	1	0	0	0	0	1	0	0	0	0	1	0	0	0	0.3	1
1000	1	0	0	0	0	1	0	0	0	0	1	0	0	0	0	1

配合:		0


7	3
鸡心桩梁-1/轨排螺栓垫片-5
没有标记
没有标记
sound\渡轮栈桥拼组.7.mp3

轨排通过钩头螺栓和鸡心桩梁连接成整体。

起始状态: 隐藏		终止状态: 显示		移动节点: 1
1000	1	0	0	0	0	1	0	0	0	0	1	0	0	0	-0.3	1
1000	1	0	0	0	0	1	0	0	0	0	1	0	0	0	0	1

配合:		0


7	3
鸡心桩梁-1/轨排螺栓垫片-17
没有标记
没有标记
sound\渡轮栈桥拼组.7.mp3

轨排通过钩头螺栓和鸡心桩梁连接成整体。

起始状态: 隐藏		终止状态: 显示		移动节点: 1
1000	1	0	0	0	0	1	0	0	0	0	1	0	0	0	-0.3	1
1000	1	0	0	0	0	1	0	0	0	0	1	0	0	0	0	1

配合:		0


7	3
鸡心桩梁-1/轨排螺栓垫片-26
没有标记
没有标记
sound\渡轮栈桥拼组.7.mp3

轨排通过钩头螺栓和鸡心桩梁连接成整体。

起始状态: 隐藏		终止状态: 显示		移动节点: 1
1000	1	0	0	0	0	1	0	0	0	0	1	0	0	0	-0.3	1
1000	1	0	0	0	0	1	0	0	0	0	1	0	0	0	0	1

配合:		0


7	3
鸡心桩梁-1/轨排螺栓-11
没有标记
没有标记
sound\渡轮栈桥拼组.7.mp3

轨排通过钩头螺栓和鸡心桩梁连接成整体。

起始状态: 隐藏		终止状态: 显示		移动节点: 1
1000	1	0	0	0	0	1	0	0	0	0	1	0	0	0	-0.3	1
1000	1	0	0	0	0	1	0	0	0	0	1	0	0	0	0	1

配合:		0


7	3
鸡心桩梁-1/M22螺母-19
没有标记
没有标记
sound\渡轮栈桥拼组.7.mp3

轨排通过钩头螺栓和鸡心桩梁连接成整体。

起始状态: 隐藏		终止状态: 显示		移动节点: 1
1000	1	0	0	0	0	1	0	0	0	0	1	0	0	0	0.3	1
1000	1	0	0	0	0	1	0	0	0	0	1	0	0	0	0	1

配合:		0


7	3
鸡心桩梁-1/M22螺母-13
没有标记
没有标记
sound\渡轮栈桥拼组.7.mp3

轨排通过钩头螺栓和鸡心桩梁连接成整体。

起始状态: 隐藏		终止状态: 显示		移动节点: 1
1000	1	0	0	0	0	1	0	0	0	0	1	0	0	0	0.3	1
1000	1	0	0	0	0	1	0	0	0	0	1	0	0	0	0	1

配合:		0


7	3
鸡心桩梁-1/M22螺母-24
没有标记
没有标记
sound\渡轮栈桥拼组.7.mp3

轨排通过钩头螺栓和鸡心桩梁连接成整体。

起始状态: 隐藏		终止状态: 显示		移动节点: 1
1000	1	0	0	0	0	1	0	0	0	0	1	0	0	0	0.3	1
1000	1	0	0	0	0	1	0	0	0	0	1	0	0	0	0	1

配合:		0


7	3
鸡心桩梁-1/轨排螺栓-21
没有标记
没有标记
sound\渡轮栈桥拼组.7.mp3

轨排通过钩头螺栓和鸡心桩梁连接成整体。

起始状态: 隐藏		终止状态: 显示		移动节点: 1
1000	1	0	0	0	0	1	0	0	0	0	1	0	0	0	-0.3	1
1000	1	0	0	0	0	1	0	0	0	0	1	0	0	0	0	1

配合:		0


7	3
鸡心桩梁-1/轨排螺栓垫片-2
没有标记
没有标记
sound\渡轮栈桥拼组.7.mp3

轨排通过钩头螺栓和鸡心桩梁连接成整体。

起始状态: 隐藏		终止状态: 显示		移动节点: 1
1000	1	0	0	0	0	1	0	0	0	0	1	0	0	0	-0.3	1
1000	1	0	0	0	0	1	0	0	0	0	1	0	0	0	0	1

配合:		0


7	3
鸡心桩梁-1/轨排螺栓垫片-11
没有标记
没有标记
sound\渡轮栈桥拼组.7.mp3

轨排通过钩头螺栓和鸡心桩梁连接成整体。

起始状态: 隐藏		终止状态: 显示		移动节点: 1
1000	1	0	0	0	0	1	0	0	0	0	1	0	0	0	-0.3	1
1000	1	0	0	0	0	1	0	0	0	0	1	0	0	0	0	1

配合:		0


7	3
鸡心桩梁-1/M22螺母-1
没有标记
没有标记
sound\渡轮栈桥拼组.7.mp3

轨排通过钩头螺栓和鸡心桩梁连接成整体。

起始状态: 隐藏		终止状态: 显示		移动节点: 1
1000	1	0	0	0	0	1	0	0	0	0	1	0	0	0	0.3	1
1000	1	0	0	0	0	1	0	0	0	0	1	0	0	0	0	1

配合:		0


7	3
鸡心桩梁-1/轨排螺栓-15
没有标记
没有标记
sound\渡轮栈桥拼组.7.mp3

轨排通过钩头螺栓和鸡心桩梁连接成整体。

起始状态: 隐藏		终止状态: 显示		移动节点: 1
1000	1	0	0	0	0	1	0	0	0	0	1	0	0	0	-0.3	1
1000	1	0	0	0	0	1	0	0	0	0	1	0	0	0	0	1

配合:		0


7	3
鸡心桩梁-1/M22螺母-15
没有标记
没有标记
sound\渡轮栈桥拼组.7.mp3

轨排通过钩头螺栓和鸡心桩梁连接成整体。

起始状态: 隐藏		终止状态: 显示		移动节点: 1
1000	1	0	0	0	0	1	0	0	0	0	1	0	0	0	0.3	1
1000	1	0	0	0	0	1	0	0	0	0	1	0	0	0	0	1

配合:		0


7	3
鸡心桩梁-1/轨排螺栓-22
没有标记
没有标记
sound\渡轮栈桥拼组.7.mp3

轨排通过钩头螺栓和鸡心桩梁连接成整体。

起始状态: 隐藏		终止状态: 显示		移动节点: 1
1000	1	0	0	0	0	1	0	0	0	0	1	0	0	0	-0.3	1
1000	1	0	0	0	0	1	0	0	0	0	1	0	0	0	0	1

配合:		0


7	3
鸡心桩梁-1/轨排螺栓-30
没有标记
没有标记
sound\渡轮栈桥拼组.7.mp3

轨排通过钩头螺栓和鸡心桩梁连接成整体。

起始状态: 隐藏		终止状态: 显示		移动节点: 1
1000	1	0	0	0	0	1	0	0	0	0	1	0	0	0	-0.3	1
1000	1	0	0	0	0	1	0	0	0	0	1	0	0	0	0	1

配合:		0


7	3
鸡心桩梁-1/M22螺母-6
没有标记
没有标记
sound\渡轮栈桥拼组.7.mp3

轨排通过钩头螺栓和鸡心桩梁连接成整体。

起始状态: 隐藏		终止状态: 显示		移动节点: 1
1000	1	0	0	0	0	1	0	0	0	0	1	0	0	0	0.3	1
1000	1	0	0	0	0	1	0	0	0	0	1	0	0	0	0	1

配合:		0


7	3
鸡心桩梁-1/轨排螺栓-5
没有标记
没有标记
sound\渡轮栈桥拼组.7.mp3

轨排通过钩头螺栓和鸡心桩梁连接成整体。

起始状态: 隐藏		终止状态: 显示		移动节点: 1
1000	1	0	0	0	0	1	0	0	0	0	1	0	0	0	-0.3	1
1000	1	0	0	0	0	1	0	0	0	0	1	0	0	0	0	1

配合:		0


7	3
鸡心桩梁-1/轨排螺栓-17
没有标记
没有标记
sound\渡轮栈桥拼组.7.mp3

轨排通过钩头螺栓和鸡心桩梁连接成整体。

起始状态: 隐藏		终止状态: 显示		移动节点: 1
1000	1	0	0	0	0	1	0	0	0	0	1	0	0	0	-0.3	1
1000	1	0	0	0	0	1	0	0	0	0	1	0	0	0	0	1

配合:		0


7	3
鸡心桩梁-1/M22螺母-21
没有标记
没有标记
sound\渡轮栈桥拼组.7.mp3

轨排通过钩头螺栓和鸡心桩梁连接成整体。

起始状态: 隐藏		终止状态: 显示		移动节点: 1
1000	1	0	0	0	0	1	0	0	0	0	1	0	0	0	0.3	1
1000	1	0	0	0	0	1	0	0	0	0	1	0	0	0	0	1

配合:		0


7	3
鸡心桩梁-1/轨排螺栓垫片-27
没有标记
没有标记
sound\渡轮栈桥拼组.7.mp3

轨排通过钩头螺栓和鸡心桩梁连接成整体。

起始状态: 隐藏		终止状态: 显示		移动节点: 1
1000	1	0	0	0	0	1	0	0	0	0	1	0	0	0	-0.3	1
1000	1	0	0	0	0	1	0	0	0	0	1	0	0	0	0	1

配合:		0


7	3
鸡心桩梁-1/M22螺母-14
没有标记
没有标记
sound\渡轮栈桥拼组.7.mp3

轨排通过钩头螺栓和鸡心桩梁连接成整体。

起始状态: 隐藏		终止状态: 显示		移动节点: 1
1000	1	0	0	0	0	1	0	0	0	0	1	0	0	0	0.3	1
1000	1	0	0	0	0	1	0	0	0	0	1	0	0	0	0	1

配合:		0


7	3
鸡心桩梁-1/轨排螺栓垫片-21
没有标记
没有标记
sound\渡轮栈桥拼组.7.mp3

轨排通过钩头螺栓和鸡心桩梁连接成整体。

起始状态: 隐藏		终止状态: 显示		移动节点: 1
1000	1	0	0	0	0	1	0	0	0	0	1	0	0	0	-0.3	1
1000	1	0	0	0	0	1	0	0	0	0	1	0	0	0	0	1

配合:		0


7	3
鸡心桩梁-1/轨排螺栓垫片-12
没有标记
没有标记
sound\渡轮栈桥拼组.7.mp3

轨排通过钩头螺栓和鸡心桩梁连接成整体。

起始状态: 隐藏		终止状态: 显示		移动节点: 1
1000	1	0	0	0	0	1	0	0	0	0	1	0	0	0	-0.3	1
1000	1	0	0	0	0	1	0	0	0	0	1	0	0	0	0	1

配合:		0


7	3
鸡心桩梁-1/轨排螺栓-20
没有标记
没有标记
sound\渡轮栈桥拼组.7.mp3

轨排通过钩头螺栓和鸡心桩梁连接成整体。

起始状态: 隐藏		终止状态: 显示		移动节点: 1
1000	1	0	0	0	0	1	0	0	0	0	1	0	0	0	-0.3	1
1000	1	0	0	0	0	1	0	0	0	0	1	0	0	0	0	1

配合:		0


7	3
鸡心桩梁-1/轨排螺栓-23
没有标记
没有标记
sound\渡轮栈桥拼组.7.mp3

轨排通过钩头螺栓和鸡心桩梁连接成整体。

起始状态: 隐藏		终止状态: 显示		移动节点: 1
1000	1	0	0	0	0	1	0	0	0	0	1	0	0	0	-0.3	1
1000	1	0	0	0	0	1	0	0	0	0	1	0	0	0	0	1

配合:		0


7	3
鸡心桩梁-1/M22螺母-22
没有标记
没有标记
sound\渡轮栈桥拼组.7.mp3

轨排通过钩头螺栓和鸡心桩梁连接成整体。

起始状态: 隐藏		终止状态: 显示		移动节点: 1
1000	1	0	0	0	0	1	0	0	0	0	1	0	0	0	0.3	1
1000	1	0	0	0	0	1	0	0	0	0	1	0	0	0	0	1

配合:		0


7	3
鸡心桩梁-1/轨排螺栓垫片-24
没有标记
没有标记
sound\渡轮栈桥拼组.7.mp3

轨排通过钩头螺栓和鸡心桩梁连接成整体。

起始状态: 隐藏		终止状态: 显示		移动节点: 1
1000	1	0	0	0	0	1	0	0	0	0	1	0	0	0	-0.3	1
1000	1	0	0	0	0	1	0	0	0	0	1	0	0	0	0	1

配合:		0


7	3
鸡心桩梁-1/轨排螺栓-2
没有标记
没有标记
sound\渡轮栈桥拼组.7.mp3

轨排通过钩头螺栓和鸡心桩梁连接成整体。

起始状态: 隐藏		终止状态: 显示		移动节点: 1
1000	1	0	0	0	0	1	0	0	0	0	1	0	0	0	-0.3	1
1000	1	0	0	0	0	1	0	0	0	0	1	0	0	0	0	1

配合:		0


7	3
鸡心桩梁-1/M22螺母-16
没有标记
没有标记
sound\渡轮栈桥拼组.7.mp3

轨排通过钩头螺栓和鸡心桩梁连接成整体。

起始状态: 隐藏		终止状态: 显示		移动节点: 1
1000	1	0	0	0	0	1	0	0	0	0	1	0	0	0	0.3	1
1000	1	0	0	0	0	1	0	0	0	0	1	0	0	0	0	1

配合:		0


7	3
鸡心桩梁-1/M22螺母-4
没有标记
没有标记
sound\渡轮栈桥拼组.7.mp3

轨排通过钩头螺栓和鸡心桩梁连接成整体。

起始状态: 隐藏		终止状态: 显示		移动节点: 1
1000	1	0	0	0	0	1	0	0	0	0	1	0	0	0	0.3	1
1000	1	0	0	0	0	1	0	0	0	0	1	0	0	0	0	1

配合:		0


7	3
鸡心桩梁-1/轨排螺栓-16
没有标记
没有标记
sound\渡轮栈桥拼组.7.mp3

轨排通过钩头螺栓和鸡心桩梁连接成整体。

起始状态: 隐藏		终止状态: 显示		移动节点: 1
1000	1	0	0	0	0	1	0	0	0	0	1	0	0	0	-0.3	1
1000	1	0	0	0	0	1	0	0	0	0	1	0	0	0	0	1

配合:		0


7	3
鸡心桩梁-1/M22螺母-11
没有标记
没有标记
sound\渡轮栈桥拼组.7.mp3

轨排通过钩头螺栓和鸡心桩梁连接成整体。

起始状态: 隐藏		终止状态: 显示		移动节点: 1
1000	1	0	0	0	0	1	0	0	0	0	1	0	0	0	0.3	1
1000	1	0	0	0	0	1	0	0	0	0	1	0	0	0	0	1

配合:		0


7	3
鸡心桩梁-1/轨排螺栓-19
没有标记
没有标记
sound\渡轮栈桥拼组.7.mp3

轨排通过钩头螺栓和鸡心桩梁连接成整体。

起始状态: 隐藏		终止状态: 显示		移动节点: 1
1000	1	0	0	0	0	1	0	0	0	0	1	0	0	0	-0.3	1
1000	1	0	0	0	0	1	0	0	0	0	1	0	0	0	0	1

配合:		0


7	3
鸡心桩梁-1/轨排螺栓-3
没有标记
没有标记
sound\渡轮栈桥拼组.7.mp3

轨排通过钩头螺栓和鸡心桩梁连接成整体。

起始状态: 隐藏		终止状态: 显示		移动节点: 1
1000	1	0	0	0	0	1	0	0	0	0	1	0	0	0	-0.3	1
1000	1	0	0	0	0	1	0	0	0	0	1	0	0	0	0	1

配合:		0


7	3
鸡心桩梁-1/轨排螺栓-25
没有标记
没有标记
sound\渡轮栈桥拼组.7.mp3

轨排通过钩头螺栓和鸡心桩梁连接成整体。

起始状态: 隐藏		终止状态: 显示		移动节点: 1
1000	1	0	0	0	0	1	0	0	0	0	1	0	0	0	-0.3	1
1000	1	0	0	0	0	1	0	0	0	0	1	0	0	0	0	1

配合:		0


7	3
鸡心桩梁-1/轨排螺栓垫片-19
没有标记
没有标记
sound\渡轮栈桥拼组.7.mp3

轨排通过钩头螺栓和鸡心桩梁连接成整体。

起始状态: 隐藏		终止状态: 显示		移动节点: 1
1000	1	0	0	0	0	1	0	0	0	0	1	0	0	0	-0.3	1
1000	1	0	0	0	0	1	0	0	0	0	1	0	0	0	0	1

配合:		0


7	3
鸡心桩梁-1/M22螺母-17
没有标记
没有标记
sound\渡轮栈桥拼组.7.mp3

轨排通过钩头螺栓和鸡心桩梁连接成整体。

起始状态: 隐藏		终止状态: 显示		移动节点: 1
1000	1	0	0	0	0	1	0	0	0	0	1	0	0	0	0.3	1
1000	1	0	0	0	0	1	0	0	0	0	1	0	0	0	0	1

配合:		0


7	3
鸡心桩梁-1/M22螺母-9
没有标记
没有标记
sound\渡轮栈桥拼组.7.mp3

轨排通过钩头螺栓和鸡心桩梁连接成整体。

起始状态: 隐藏		终止状态: 显示		移动节点: 1
1000	1	0	0	0	0	1	0	0	0	0	1	0	0	0	0.3	1
1000	1	0	0	0	0	1	0	0	0	0	1	0	0	0	0	1

配合:		0


7	3
鸡心桩梁-1/轨排螺栓垫片-8
没有标记
没有标记
sound\渡轮栈桥拼组.7.mp3

轨排通过钩头螺栓和鸡心桩梁连接成整体。

起始状态: 隐藏		终止状态: 显示		移动节点: 1
1000	1	0	0	0	0	1	0	0	0	0	1	0	0	0	-0.3	1
1000	1	0	0	0	0	1	0	0	0	0	1	0	0	0	0	1

配合:		0


7	3
鸡心桩梁-1/轨排螺栓垫片-9
没有标记
没有标记
sound\渡轮栈桥拼组.7.mp3

轨排通过钩头螺栓和鸡心桩梁连接成整体。

起始状态: 隐藏		终止状态: 显示		移动节点: 1
1000	1	0	0	0	0	1	0	0	0	0	1	0	0	0	-0.3	1
1000	1	0	0	0	0	1	0	0	0	0	1	0	0	0	0	1

配合:		0


7	3
鸡心桩梁-1/轨排螺栓-29
没有标记
没有标记
sound\渡轮栈桥拼组.7.mp3

轨排通过钩头螺栓和鸡心桩梁连接成整体。

起始状态: 隐藏		终止状态: 显示		移动节点: 1
1000	1	0	0	0	0	1	0	0	0	0	1	0	0	0	-0.3	1
1000	1	0	0	0	0	1	0	0	0	0	1	0	0	0	0	1

配合:		0


7	3
鸡心桩梁-1/轨排螺栓垫片-10
没有标记
没有标记
sound\渡轮栈桥拼组.7.mp3

轨排通过钩头螺栓和鸡心桩梁连接成整体。

起始状态: 隐藏		终止状态: 显示		移动节点: 1
1000	1	0	0	0	0	1	0	0	0	0	1	0	0	0	-0.3	1
1000	1	0	0	0	0	1	0	0	0	0	1	0	0	0	0	1

配合:		0


7	3
鸡心桩梁-1/轨排螺栓-13
没有标记
没有标记
sound\渡轮栈桥拼组.7.mp3

轨排通过钩头螺栓和鸡心桩梁连接成整体。

起始状态: 隐藏		终止状态: 显示		移动节点: 1
1000	1	0	0	0	0	1	0	0	0	0	1	0	0	0	-0.3	1
1000	1	0	0	0	0	1	0	0	0	0	1	0	0	0	0	1

配合:		0


7	3
鸡心桩梁-1/轨排螺栓-18
没有标记
没有标记
sound\渡轮栈桥拼组.7.mp3

轨排通过钩头螺栓和鸡心桩梁连接成整体。

起始状态: 隐藏		终止状态: 显示		移动节点: 1
1000	1	0	0	0	0	1	0	0	0	0	1	0	0	0	-0.3	1
1000	1	0	0	0	0	1	0	0	0	0	1	0	0	0	0	1

配合:		0


7	3
鸡心桩梁-1/轨排螺栓垫片-15
没有标记
没有标记
sound\渡轮栈桥拼组.7.mp3

轨排通过钩头螺栓和鸡心桩梁连接成整体。

起始状态: 隐藏		终止状态: 显示		移动节点: 1
1000	1	0	0	0	0	1	0	0	0	0	1	0	0	0	-0.3	1
1000	1	0	0	0	0	1	0	0	0	0	1	0	0	0	0	1

配合:		0


7	3
鸡心桩梁-1/轨排螺栓垫片-14
没有标记
没有标记
sound\渡轮栈桥拼组.7.mp3

轨排通过钩头螺栓和鸡心桩梁连接成整体。

起始状态: 隐藏		终止状态: 显示		移动节点: 1
1000	1	0	0	0	0	1	0	0	0	0	1	0	0	0	-0.3	1
1000	1	0	0	0	0	1	0	0	0	0	1	0	0	0	0	1

配合:		0


7	3
鸡心桩梁-1/M22螺母-10
没有标记
没有标记
sound\渡轮栈桥拼组.7.mp3

轨排通过钩头螺栓和鸡心桩梁连接成整体。

起始状态: 隐藏		终止状态: 显示		移动节点: 1
1000	1	0	0	0	0	1	0	0	0	0	1	0	0	0	0.3	1
1000	1	0	0	0	0	1	0	0	0	0	1	0	0	0	0	1

配合:		0


7	3
鸡心桩梁-1/M22螺母-29
没有标记
没有标记
sound\渡轮栈桥拼组.7.mp3

轨排通过钩头螺栓和鸡心桩梁连接成整体。

起始状态: 隐藏		终止状态: 显示		移动节点: 1
1000	1	0	0	0	0	1	0	0	0	0	1	0	0	0	0.3	1
1000	1	0	0	0	0	1	0	0	0	0	1	0	0	0	0	1

配合:		0


7	3
鸡心桩梁-1/轨排螺栓-10
没有标记
没有标记
sound\渡轮栈桥拼组.7.mp3

轨排通过钩头螺栓和鸡心桩梁连接成整体。

起始状态: 隐藏		终止状态: 显示		移动节点: 1
1000	1	0	0	0	0	1	0	0	0	0	1	0	0	0	-0.3	1
1000	1	0	0	0	0	1	0	0	0	0	1	0	0	0	0	1

配合:		0


7	3
鸡心桩梁-1/轨排螺栓垫片-18
没有标记
没有标记
sound\渡轮栈桥拼组.7.mp3

轨排通过钩头螺栓和鸡心桩梁连接成整体。

起始状态: 隐藏		终止状态: 显示		移动节点: 1
1000	1	0	0	0	0	1	0	0	0	0	1	0	0	0	-0.3	1
1000	1	0	0	0	0	1	0	0	0	0	1	0	0	0	0	1

配合:		0


7	3
鸡心桩梁-1/M22螺母-18
没有标记
没有标记
sound\渡轮栈桥拼组.7.mp3

轨排通过钩头螺栓和鸡心桩梁连接成整体。

起始状态: 隐藏		终止状态: 显示		移动节点: 1
1000	1	0	0	0	0	1	0	0	0	0	1	0	0	0	0.3	1
1000	1	0	0	0	0	1	0	0	0	0	1	0	0	0	0	1

配合:		0


7	3
鸡心桩梁-1/M22螺母-2
没有标记
没有标记
sound\渡轮栈桥拼组.7.mp3

轨排通过钩头螺栓和鸡心桩梁连接成整体。

起始状态: 隐藏		终止状态: 显示		移动节点: 1
1000	1	0	0	0	0	1	0	0	0	0	1	0	0	0	0.3	1
1000	1	0	0	0	0	1	0	0	0	0	1	0	0	0	0	1

配合:		0


7	3
鸡心桩梁-1/M22螺母-8
没有标记
没有标记
sound\渡轮栈桥拼组.7.mp3

轨排通过钩头螺栓和鸡心桩梁连接成整体。

起始状态: 隐藏		终止状态: 显示		移动节点: 1
1000	1	0	0	0	0	1	0	0	0	0	1	0	0	0	0.3	1
1000	1	0	0	0	0	1	0	0	0	0	1	0	0	0	0	1

配合:		0


7	3
鸡心桩梁-1/M22螺母-5
没有标记
没有标记
sound\渡轮栈桥拼组.7.mp3

轨排通过钩头螺栓和鸡心桩梁连接成整体。

起始状态: 隐藏		终止状态: 显示		移动节点: 1
1000	1	0	0	0	0	1	0	0	0	0	1	0	0	0	0.3	1
1000	1	0	0	0	0	1	0	0	0	0	1	0	0	0	0	1

配合:		0


7	3
鸡心桩梁-1/轨排螺栓垫片-25
没有标记
没有标记
sound\渡轮栈桥拼组.7.mp3

轨排通过钩头螺栓和鸡心桩梁连接成整体。

起始状态: 隐藏		终止状态: 显示		移动节点: 1
1000	1	0	0	0	0	1	0	0	0	0	1	0	0	0	-0.3	1
1000	1	0	0	0	0	1	0	0	0	0	1	0	0	0	0	1

配合:		0


7	3
鸡心桩梁-1/轨排螺栓垫片-23
没有标记
没有标记
sound\渡轮栈桥拼组.7.mp3

轨排通过钩头螺栓和鸡心桩梁连接成整体。

起始状态: 隐藏		终止状态: 显示		移动节点: 1
1000	1	0	0	0	0	1	0	0	0	0	1	0	0	0	-0.3	1
1000	1	0	0	0	0	1	0	0	0	0	1	0	0	0	0	1

配合:		0


7	3
鸡心桩梁-1/轨排螺栓垫片-4
没有标记
没有标记
sound\渡轮栈桥拼组.7.mp3

轨排通过钩头螺栓和鸡心桩梁连接成整体。

起始状态: 隐藏		终止状态: 显示		移动节点: 1
1000	1	0	0	0	0	1	0	0	0	0	1	0	0	0	-0.3	1
1000	1	0	0	0	0	1	0	0	0	0	1	0	0	0	0	1

配合:		0


7	3
鸡心桩梁-1/轨排螺栓-24
没有标记
没有标记
sound\渡轮栈桥拼组.7.mp3

轨排通过钩头螺栓和鸡心桩梁连接成整体。

起始状态: 隐藏		终止状态: 显示		移动节点: 1
1000	1	0	0	0	0	1	0	0	0	0	1	0	0	0	-0.3	1
1000	1	0	0	0	0	1	0	0	0	0	1	0	0	0	0	1

配合:		0


7	3
鸡心桩梁-1/M22螺母-28
没有标记
没有标记
sound\渡轮栈桥拼组.7.mp3

轨排通过钩头螺栓和鸡心桩梁连接成整体。

起始状态: 隐藏		终止状态: 显示		移动节点: 1
1000	1	0	0	0	0	1	0	0	0	0	1	0	0	0	0.3	1
1000	1	0	0	0	0	1	0	0	0	0	1	0	0	0	0	1

配合:		0


7	3
鸡心桩梁-1/M22螺母-12
没有标记
没有标记
sound\渡轮栈桥拼组.7.mp3

轨排通过钩头螺栓和鸡心桩梁连接成整体。

起始状态: 隐藏		终止状态: 显示		移动节点: 1
1000	1	0	0	0	0	1	0	0	0	0	1	0	0	0	0.3	1
1000	1	0	0	0	0	1	0	0	0	0	1	0	0	0	0	1

配合:		0


7	3
鸡心桩梁-1/M22螺母-3
没有标记
没有标记
sound\渡轮栈桥拼组.7.mp3

轨排通过钩头螺栓和鸡心桩梁连接成整体。

起始状态: 隐藏		终止状态: 显示		移动节点: 1
1000	1	0	0	0	0	1	0	0	0	0	1	0	0	0	0.3	1
1000	1	0	0	0	0	1	0	0	0	0	1	0	0	0	0	1

配合:		0


7	3
鸡心桩梁-1/轨排螺栓-7
没有标记
没有标记
sound\渡轮栈桥拼组.7.mp3

轨排通过钩头螺栓和鸡心桩梁连接成整体。

起始状态: 隐藏		终止状态: 显示		移动节点: 1
1000	1	0	0	0	0	1	0	0	0	0	1	0	0	0	-0.3	1
1000	1	0	0	0	0	1	0	0	0	0	1	0	0	0	0	1

配合:		0


7	3
鸡心桩梁-1/轨排螺栓-12
没有标记
没有标记
sound\渡轮栈桥拼组.7.mp3

轨排通过钩头螺栓和鸡心桩梁连接成整体。

起始状态: 隐藏		终止状态: 显示		移动节点: 1
1000	1	0	0	0	0	1	0	0	0	0	1	0	0	0	-0.3	1
1000	1	0	0	0	0	1	0	0	0	0	1	0	0	0	0	1

配合:		0


7	3
鸡心桩梁-1/轨排螺栓垫片-22
没有标记
没有标记
sound\渡轮栈桥拼组.7.mp3

轨排通过钩头螺栓和鸡心桩梁连接成整体。

起始状态: 隐藏		终止状态: 显示		移动节点: 1
1000	1	0	0	0	0	1	0	0	0	0	1	0	0	0	-0.3	1
1000	1	0	0	0	0	1	0	0	0	0	1	0	0	0	0	1

配合:		0


7	3
鸡心桩梁-1/M22螺母-23
没有标记
没有标记
sound\渡轮栈桥拼组.7.mp3

轨排通过钩头螺栓和鸡心桩梁连接成整体。

起始状态: 隐藏		终止状态: 显示		移动节点: 1
1000	1	0	0	0	0	1	0	0	0	0	1	0	0	0	0.3	1
1000	1	0	0	0	0	1	0	0	0	0	1	0	0	0	0	1

配合:		0


7	3
鸡心桩梁-1/轨排螺栓-27
没有标记
没有标记
sound\渡轮栈桥拼组.7.mp3

轨排通过钩头螺栓和鸡心桩梁连接成整体。

起始状态: 隐藏		终止状态: 显示		移动节点: 1
1000	1	0	0	0	0	1	0	0	0	0	1	0	0	0	-0.3	1
1000	1	0	0	0	0	1	0	0	0	0	1	0	0	0	0	1

配合:		0


7	3
鸡心桩梁-1/轨排螺栓垫片-16
没有标记
没有标记
sound\渡轮栈桥拼组.7.mp3

轨排通过钩头螺栓和鸡心桩梁连接成整体。

起始状态: 隐藏		终止状态: 显示		移动节点: 1
1000	1	0	0	0	0	1	0	0	0	0	1	0	0	0	-0.3	1
1000	1	0	0	0	0	1	0	0	0	0	1	0	0	0	0	1

配合:		0


7	3
鸡心桩梁-1/M22螺母-26
没有标记
没有标记
sound\渡轮栈桥拼组.7.mp3

轨排通过钩头螺栓和鸡心桩梁连接成整体。

起始状态: 隐藏		终止状态: 显示		移动节点: 1
1000	1	0	0	0	0	1	0	0	0	0	1	0	0	0	0.3	1
1000	1	0	0	0	0	1	0	0	0	0	1	0	0	0	0	1

配合:		0


7	3
鸡心桩梁-1/M22螺母-25
没有标记
没有标记
sound\渡轮栈桥拼组.7.mp3

轨排通过钩头螺栓和鸡心桩梁连接成整体。

起始状态: 隐藏		终止状态: 显示		移动节点: 1
1000	1	0	0	0	0	1	0	0	0	0	1	0	0	0	0.3	1
1000	1	0	0	0	0	1	0	0	0	0	1	0	0	0	0	1

配合:		0


7	3
鸡心桩梁-1/轨排螺栓垫片-7
没有标记
没有标记
sound\渡轮栈桥拼组.7.mp3

轨排通过钩头螺栓和鸡心桩梁连接成整体。

起始状态: 隐藏		终止状态: 显示		移动节点: 1
1000	1	0	0	0	0	1	0	0	0	0	1	0	0	0	-0.3	1
1000	1	0	0	0	0	1	0	0	0	0	1	0	0	0	0	1

配合:		0


7	3
鸡心桩梁-1/M22螺母-20
没有标记
没有标记
sound\渡轮栈桥拼组.7.mp3

轨排通过钩头螺栓和鸡心桩梁连接成整体。

起始状态: 隐藏		终止状态: 显示		移动节点: 1
1000	1	0	0	0	0	1	0	0	0	0	1	0	0	0	0.3	1
1000	1	0	0	0	0	1	0	0	0	0	1	0	0	0	0	1

配合:		0


7	3
鸡心桩梁-1/轨排螺栓-4
没有标记
没有标记
sound\渡轮栈桥拼组.7.mp3

轨排通过钩头螺栓和鸡心桩梁连接成整体。

起始状态: 隐藏		终止状态: 显示		移动节点: 1
1000	1	0	0	0	0	1	0	0	0	0	1	0	0	0	-0.3	1
1000	1	0	0	0	0	1	0	0	0	0	1	0	0	0	0	1

配合:		0


7	3
鸡心桩梁-1/轨排螺栓垫片-6
没有标记
没有标记
sound\渡轮栈桥拼组.7.mp3

轨排通过钩头螺栓和鸡心桩梁连接成整体。

起始状态: 隐藏		终止状态: 显示		移动节点: 1
1000	1	0	0	0	0	1	0	0	0	0	1	0	0	0	-0.3	1
1000	1	0	0	0	0	1	0	0	0	0	1	0	0	0	0	1

配合:		0


8	1
中孔栈桥梁-1/中孔栈桥-1/栈桥工字梁轨排-1
安装栈桥工字梁轨排
没有标记
sound\渡轮栈桥拼组.8.mp3

安装第二孔轨排。

起始状态: 隐藏		终止状态: 显示		移动节点: 1
1000	1	0	0	0	0	1	0	0	0	0	1	0	0	0	2	1
1000	1	0	0	0	0	1	0	0	0	0	1	0	0	0	0	1

配合:		0


9	1
中孔栈桥梁-1/中孔栈桥-1/轨排螺栓-31
固定轨排
没有标记
sound\渡轮栈桥拼组.9.mp3

轨排通过钩头螺栓和栈桥工字梁梁连接成整体。

起始状态: 隐藏		终止状态: 显示		移动节点: 1
1000	1	0	0	0	0	1	0	0	0	0	1	0	0	0	-0.347572	1
1000	1	0	0	0	0	1	0	0	0	0	1	0	0	0	0	1

配合:		0


9	2
中孔栈桥梁-1/中孔栈桥-1/M22螺母-31
固定轨排
没有标记
sound\渡轮栈桥拼组.9.mp3

轨排通过钩头螺栓和栈桥工字梁梁连接成整体。

起始状态: 隐藏		终止状态: 显示		移动节点: 1
1000	1	0	0	0	0	1	0	0	0	0	1	0	0	0	0.3	1
1000	1	0	0	0	0	1	0	0	0	0	1	0	0	0	0	1

配合:		0


9	2
中孔栈桥梁-1/中孔栈桥-1/轨排螺栓垫片-31
固定轨排
没有标记
sound\渡轮栈桥拼组.9.mp3

轨排通过钩头螺栓和栈桥工字梁梁连接成整体。

起始状态: 隐藏		终止状态: 显示		移动节点: 1
1000	1	0	0	0	0	1	0	0	0	0	1	0	0	0	-0.3	1
1000	1	0	0	0	0	1	0	0	0	0	1	0	0	0	0	1

配合:		0


9	3
中孔栈桥梁-1/中孔栈桥-1/轨排螺栓-26
固定轨排
没有标记
sound\渡轮栈桥拼组.9.mp3

轨排通过钩头螺栓和栈桥工字梁梁连接成整体。

起始状态: 隐藏		终止状态: 显示		移动节点: 1
1000	1	0	0	0	0	1	0	0	0	0	1	0	0	0	-0.3	1
1000	1	0	0	0	0	1	0	0	0	0	1	0	0	0	0	1

配合:		0


9	3
中孔栈桥梁-1/中孔栈桥-1/轨排螺栓垫片-15
固定轨排
没有标记
sound\渡轮栈桥拼组.9.mp3

轨排通过钩头螺栓和栈桥工字梁梁连接成整体。

起始状态: 隐藏		终止状态: 显示		移动节点: 1
1000	1	0	0	0	0	1	0	0	0	0	1	0	0	0	-0.3	1
1000	1	0	0	0	0	1	0	0	0	0	1	0	0	0	0	1

配合:		0


9	3
中孔栈桥梁-1/中孔栈桥-1/轨排螺栓-13
固定轨排
没有标记
sound\渡轮栈桥拼组.9.mp3

轨排通过钩头螺栓和栈桥工字梁梁连接成整体。

起始状态: 隐藏		终止状态: 显示		移动节点: 1
1000	1	0	0	0	0	1	0	0	0	0	1	0	0	0	-0.3	1
1000	1	0	0	0	0	1	0	0	0	0	1	0	0	0	0	1

配合:		0


9	3
中孔栈桥梁-1/中孔栈桥-1/轨排螺栓-18
固定轨排
没有标记
sound\渡轮栈桥拼组.9.mp3

轨排通过钩头螺栓和栈桥工字梁梁连接成整体。

起始状态: 隐藏		终止状态: 显示		移动节点: 1
1000	1	0	0	0	0	1	0	0	0	0	1	0	0	0	-0.3	1
1000	1	0	0	0	0	1	0	0	0	0	1	0	0	0	0	1

配合:		0


9	3
中孔栈桥梁-1/中孔栈桥-1/轨排螺栓垫片-21
固定轨排
没有标记
sound\渡轮栈桥拼组.9.mp3

轨排通过钩头螺栓和栈桥工字梁梁连接成整体。

起始状态: 隐藏		终止状态: 显示		移动节点: 1
1000	1	0	0	0	0	1	0	0	0	0	1	0	0	0	-0.3	1
1000	1	0	0	0	0	1	0	0	0	0	1	0	0	0	0	1

配合:		0


9	3
中孔栈桥梁-1/中孔栈桥-1/M22螺母-5
固定轨排
没有标记
sound\渡轮栈桥拼组.9.mp3

轨排通过钩头螺栓和栈桥工字梁梁连接成整体。

起始状态: 隐藏		终止状态: 显示		移动节点: 1
1000	1	0	0	0	0	1	0	0	0	0	1	0	0	0	0.3	1
1000	1	0	0	0	0	1	0	0	0	0	1	0	0	0	0	1

配合:		0


9	3
中孔栈桥梁-1/中孔栈桥-1/轨排螺栓垫片-10
固定轨排
没有标记
sound\渡轮栈桥拼组.9.mp3

轨排通过钩头螺栓和栈桥工字梁梁连接成整体。

起始状态: 隐藏		终止状态: 显示		移动节点: 1
1000	1	0	0	0	0	1	0	0	0	0	1	0	0	0	-0.3	1
1000	1	0	0	0	0	1	0	0	0	0	1	0	0	0	0	1

配合:		0


9	3
中孔栈桥梁-1/中孔栈桥-1/轨排螺栓垫片-17
固定轨排
没有标记
sound\渡轮栈桥拼组.9.mp3

轨排通过钩头螺栓和栈桥工字梁梁连接成整体。

起始状态: 隐藏		终止状态: 显示		移动节点: 1
1000	1	0	0	0	0	1	0	0	0	0	1	0	0	0	-0.3	1
1000	1	0	0	0	0	1	0	0	0	0	1	0	0	0	0	1

配合:		0


9	3
中孔栈桥梁-1/中孔栈桥-1/轨排螺栓垫片-22
固定轨排
没有标记
sound\渡轮栈桥拼组.9.mp3

轨排通过钩头螺栓和栈桥工字梁梁连接成整体。

起始状态: 隐藏		终止状态: 显示		移动节点: 1
1000	1	0	0	0	0	1	0	0	0	0	1	0	0	0	-0.3	1
1000	1	0	0	0	0	1	0	0	0	0	1	0	0	0	0	1

配合:		0


9	3
中孔栈桥梁-1/中孔栈桥-1/M22螺母-14
固定轨排
没有标记
sound\渡轮栈桥拼组.9.mp3

轨排通过钩头螺栓和栈桥工字梁梁连接成整体。

起始状态: 隐藏		终止状态: 显示		移动节点: 1
1000	1	0	0	0	0	1	0	0	0	0	1	0	0	0	0.3	1
1000	1	0	0	0	0	1	0	0	0	0	1	0	0	0	0	1

配合:		0


9	3
中孔栈桥梁-1/中孔栈桥-1/轨排螺栓垫片-28
固定轨排
没有标记
sound\渡轮栈桥拼组.9.mp3

轨排通过钩头螺栓和栈桥工字梁梁连接成整体。

起始状态: 隐藏		终止状态: 显示		移动节点: 1
1000	1	0	0	0	0	1	0	0	0	0	1	0	0	0	-0.3	1
1000	1	0	0	0	0	1	0	0	0	0	1	0	0	0	0	1

配合:		0


9	3
中孔栈桥梁-1/中孔栈桥-1/轨排螺栓垫片-26
固定轨排
没有标记
sound\渡轮栈桥拼组.9.mp3

轨排通过钩头螺栓和栈桥工字梁梁连接成整体。

起始状态: 隐藏		终止状态: 显示		移动节点: 1
1000	1	0	0	0	0	1	0	0	0	0	1	0	0	0	-0.3	1
1000	1	0	0	0	0	1	0	0	0	0	1	0	0	0	0	1

配合:		0


9	3
中孔栈桥梁-1/中孔栈桥-1/M22螺母-17
固定轨排
没有标记
sound\渡轮栈桥拼组.9.mp3

轨排通过钩头螺栓和栈桥工字梁梁连接成整体。

起始状态: 隐藏		终止状态: 显示		移动节点: 1
1000	1	0	0	0	0	1	0	0	0	0	1	0	0	0	0.3	1
1000	1	0	0	0	0	1	0	0	0	0	1	0	0	0	0	1

配合:		0


9	3
中孔栈桥梁-1/中孔栈桥-1/轨排螺栓垫片-20
固定轨排
没有标记
sound\渡轮栈桥拼组.9.mp3

轨排通过钩头螺栓和栈桥工字梁梁连接成整体。

起始状态: 隐藏		终止状态: 显示		移动节点: 1
1000	1	0	0	0	0	1	0	0	0	0	1	0	0	0	-0.3	1
1000	1	0	0	0	0	1	0	0	0	0	1	0	0	0	0	1

配合:		0


9	3
中孔栈桥梁-1/中孔栈桥-1/轨排螺栓-11
固定轨排
没有标记
sound\渡轮栈桥拼组.9.mp3

轨排通过钩头螺栓和栈桥工字梁梁连接成整体。

起始状态: 隐藏		终止状态: 显示		移动节点: 1
1000	1	0	0	0	0	1	0	0	0	0	1	0	0	0	-0.3	1
1000	1	0	0	0	0	1	0	0	0	0	1	0	0	0	0	1

配合:		0


9	3
中孔栈桥梁-1/中孔栈桥-1/M22螺母-15
固定轨排
没有标记
sound\渡轮栈桥拼组.9.mp3

轨排通过钩头螺栓和栈桥工字梁梁连接成整体。

起始状态: 隐藏		终止状态: 显示		移动节点: 1
1000	1	0	0	0	0	1	0	0	0	0	1	0	0	0	0.3	1
1000	1	0	0	0	0	1	0	0	0	0	1	0	0	0	0	1

配合:		0


9	3
中孔栈桥梁-1/中孔栈桥-1/M22螺母-9
固定轨排
没有标记
sound\渡轮栈桥拼组.9.mp3

轨排通过钩头螺栓和栈桥工字梁梁连接成整体。

起始状态: 隐藏		终止状态: 显示		移动节点: 1
1000	1	0	0	0	0	1	0	0	0	0	1	0	0	0	0.3	1
1000	1	0	0	0	0	1	0	0	0	0	1	0	0	0	0	1

配合:		0


9	3
中孔栈桥梁-1/中孔栈桥-1/M22螺母-23
固定轨排
没有标记
sound\渡轮栈桥拼组.9.mp3

轨排通过钩头螺栓和栈桥工字梁梁连接成整体。

起始状态: 隐藏		终止状态: 显示		移动节点: 1
1000	1	0	0	0	0	1	0	0	0	0	1	0	0	0	0.3	1
1000	1	0	0	0	0	1	0	0	0	0	1	0	0	0	0	1

配合:		0


9	3
中孔栈桥梁-1/中孔栈桥-1/轨排螺栓垫片-7
固定轨排
没有标记
sound\渡轮栈桥拼组.9.mp3

轨排通过钩头螺栓和栈桥工字梁梁连接成整体。

起始状态: 隐藏		终止状态: 显示		移动节点: 1
1000	1	0	0	0	0	1	0	0	0	0	1	0	0	0	-0.3	1
1000	1	0	0	0	0	1	0	0	0	0	1	0	0	0	0	1

配合:		0


9	3
中孔栈桥梁-1/中孔栈桥-1/轨排螺栓垫片-30
固定轨排
没有标记
sound\渡轮栈桥拼组.9.mp3

轨排通过钩头螺栓和栈桥工字梁梁连接成整体。

起始状态: 隐藏		终止状态: 显示		移动节点: 1
1000	1	0	0	0	0	1	0	0	0	0	1	0	0	0	-0.3	1
1000	1	0	0	0	0	1	0	0	0	0	1	0	0	0	0	1

配合:		0


9	3
中孔栈桥梁-1/中孔栈桥-1/M22螺母-8
固定轨排
没有标记
sound\渡轮栈桥拼组.9.mp3

轨排通过钩头螺栓和栈桥工字梁梁连接成整体。

起始状态: 隐藏		终止状态: 显示		移动节点: 1
1000	1	0	0	0	0	1	0	0	0	0	1	0	0	0	0.3	1
1000	1	0	0	0	0	1	0	0	0	0	1	0	0	0	0	1

配合:		0


9	3
中孔栈桥梁-1/中孔栈桥-1/M22螺母-21
固定轨排
没有标记
sound\渡轮栈桥拼组.9.mp3

轨排通过钩头螺栓和栈桥工字梁梁连接成整体。

起始状态: 隐藏		终止状态: 显示		移动节点: 1
1000	1	0	0	0	0	1	0	0	0	0	1	0	0	0	0.3	1
1000	1	0	0	0	0	1	0	0	0	0	1	0	0	0	0	1

配合:		0


9	3
中孔栈桥梁-1/中孔栈桥-1/轨排螺栓垫片-23
固定轨排
没有标记
sound\渡轮栈桥拼组.9.mp3

轨排通过钩头螺栓和栈桥工字梁梁连接成整体。

起始状态: 隐藏		终止状态: 显示		移动节点: 1
1000	1	0	0	0	0	1	0	0	0	0	1	0	0	0	-0.3	1
1000	1	0	0	0	0	1	0	0	0	0	1	0	0	0	0	1

配合:		0


9	3
中孔栈桥梁-1/中孔栈桥-1/轨排螺栓垫片-29
固定轨排
没有标记
sound\渡轮栈桥拼组.9.mp3

轨排通过钩头螺栓和栈桥工字梁梁连接成整体。

起始状态: 隐藏		终止状态: 显示		移动节点: 1
1000	1	0	0	0	0	1	0	0	0	0	1	0	0	0	-0.3	1
1000	1	0	0	0	0	1	0	0	0	0	1	0	0	0	0	1

配合:		0


9	3
中孔栈桥梁-1/中孔栈桥-1/M22螺母-10
固定轨排
没有标记
sound\渡轮栈桥拼组.9.mp3

轨排通过钩头螺栓和栈桥工字梁梁连接成整体。

起始状态: 隐藏		终止状态: 显示		移动节点: 1
1000	1	0	0	0	0	1	0	0	0	0	1	0	0	0	0.3	1
1000	1	0	0	0	0	1	0	0	0	0	1	0	0	0	0	1

配合:		0


9	3
中孔栈桥梁-1/中孔栈桥-1/M22螺母-27
固定轨排
没有标记
sound\渡轮栈桥拼组.9.mp3

轨排通过钩头螺栓和栈桥工字梁梁连接成整体。

起始状态: 隐藏		终止状态: 显示		移动节点: 1
1000	1	0	0	0	0	1	0	0	0	0	1	0	0	0	0.3	1
1000	1	0	0	0	0	1	0	0	0	0	1	0	0	0	0	1

配合:		0


9	3
中孔栈桥梁-1/中孔栈桥-1/轨排螺栓-25
固定轨排
没有标记
sound\渡轮栈桥拼组.9.mp3

轨排通过钩头螺栓和栈桥工字梁梁连接成整体。

起始状态: 隐藏		终止状态: 显示		移动节点: 1
1000	1	0	0	0	0	1	0	0	0	0	1	0	0	0	-0.3	1
1000	1	0	0	0	0	1	0	0	0	0	1	0	0	0	0	1

配合:		0


9	3
中孔栈桥梁-1/中孔栈桥-1/轨排螺栓垫片-4
固定轨排
没有标记
sound\渡轮栈桥拼组.9.mp3

轨排通过钩头螺栓和栈桥工字梁梁连接成整体。

起始状态: 隐藏		终止状态: 显示		移动节点: 1
1000	1	0	0	0	0	1	0	0	0	0	1	0	0	0	-0.3	1
1000	1	0	0	0	0	1	0	0	0	0	1	0	0	0	0	1

配合:		0


9	3
中孔栈桥梁-1/中孔栈桥-1/M22螺母-13
固定轨排
没有标记
sound\渡轮栈桥拼组.9.mp3

轨排通过钩头螺栓和栈桥工字梁梁连接成整体。

起始状态: 隐藏		终止状态: 显示		移动节点: 1
1000	1	0	0	0	0	1	0	0	0	0	1	0	0	0	0.3	1
1000	1	0	0	0	0	1	0	0	0	0	1	0	0	0	0	1

配合:		0


9	3
中孔栈桥梁-1/中孔栈桥-1/M22螺母-22
固定轨排
没有标记
sound\渡轮栈桥拼组.9.mp3

轨排通过钩头螺栓和栈桥工字梁梁连接成整体。

起始状态: 隐藏		终止状态: 显示		移动节点: 1
1000	1	0	0	0	0	1	0	0	0	0	1	0	0	0	0.3	1
1000	1	0	0	0	0	1	0	0	0	0	1	0	0	0	0	1

配合:		0


9	3
中孔栈桥梁-1/中孔栈桥-1/轨排螺栓-1
固定轨排
没有标记
sound\渡轮栈桥拼组.9.mp3

轨排通过钩头螺栓和栈桥工字梁梁连接成整体。

起始状态: 隐藏		终止状态: 显示		移动节点: 1
1000	1	0	0	0	0	1	0	0	0	0	1	0	0	0	-0.3	1
1000	1	0	0	0	0	1	0	0	0	0	1	0	0	0	0	1

配合:		0


9	3
中孔栈桥梁-1/中孔栈桥-1/轨排螺栓垫片-2
固定轨排
没有标记
sound\渡轮栈桥拼组.9.mp3

轨排通过钩头螺栓和栈桥工字梁梁连接成整体。

起始状态: 隐藏		终止状态: 显示		移动节点: 1
1000	1	0	0	0	0	1	0	0	0	0	1	0	0	0	-0.3	1
1000	1	0	0	0	0	1	0	0	0	0	1	0	0	0	0	1

配合:		0


9	3
中孔栈桥梁-1/中孔栈桥-1/M22螺母-6
固定轨排
没有标记
sound\渡轮栈桥拼组.9.mp3

轨排通过钩头螺栓和栈桥工字梁梁连接成整体。

起始状态: 隐藏		终止状态: 显示		移动节点: 1
1000	1	0	0	0	0	1	0	0	0	0	1	0	0	0	0.3	1
1000	1	0	0	0	0	1	0	0	0	0	1	0	0	0	0	1

配合:		0


9	3
中孔栈桥梁-1/中孔栈桥-1/M22螺母-20
固定轨排
没有标记
sound\渡轮栈桥拼组.9.mp3

轨排通过钩头螺栓和栈桥工字梁梁连接成整体。

起始状态: 隐藏		终止状态: 显示		移动节点: 1
1000	1	0	0	0	0	1	0	0	0	0	1	0	0	0	0.3	1
1000	1	0	0	0	0	1	0	0	0	0	1	0	0	0	0	1

配合:		0


9	3
中孔栈桥梁-1/中孔栈桥-1/M22螺母-24
固定轨排
没有标记
sound\渡轮栈桥拼组.9.mp3

轨排通过钩头螺栓和栈桥工字梁梁连接成整体。

起始状态: 隐藏		终止状态: 显示		移动节点: 1
1000	1	0	0	0	0	1	0	0	0	0	1	0	0	0	0.3	1
1000	1	0	0	0	0	1	0	0	0	0	1	0	0	0	0	1

配合:		0


9	3
中孔栈桥梁-1/中孔栈桥-1/轨排螺栓-3
固定轨排
没有标记
sound\渡轮栈桥拼组.9.mp3

轨排通过钩头螺栓和栈桥工字梁梁连接成整体。

起始状态: 隐藏		终止状态: 显示		移动节点: 1
1000	1	0	0	0	0	1	0	0	0	0	1	0	0	0	-0.3	1
1000	1	0	0	0	0	1	0	0	0	0	1	0	0	0	0	1

配合:		0


9	3
中孔栈桥梁-1/中孔栈桥-1/轨排螺栓-23
固定轨排
没有标记
sound\渡轮栈桥拼组.9.mp3

轨排通过钩头螺栓和栈桥工字梁梁连接成整体。

起始状态: 隐藏		终止状态: 显示		移动节点: 1
1000	1	0	0	0	0	1	0	0	0	0	1	0	0	0	-0.3	1
1000	1	0	0	0	0	1	0	0	0	0	1	0	0	0	0	1

配合:		0


9	3
中孔栈桥梁-1/中孔栈桥-1/轨排螺栓-21
固定轨排
没有标记
sound\渡轮栈桥拼组.9.mp3

轨排通过钩头螺栓和栈桥工字梁梁连接成整体。

起始状态: 隐藏		终止状态: 显示		移动节点: 1
1000	1	0	0	0	0	1	0	0	0	0	1	0	0	0	-0.3	1
1000	1	0	0	0	0	1	0	0	0	0	1	0	0	0	0	1

配合:		0


9	3
中孔栈桥梁-1/中孔栈桥-1/轨排螺栓-27
固定轨排
没有标记
sound\渡轮栈桥拼组.9.mp3

轨排通过钩头螺栓和栈桥工字梁梁连接成整体。

起始状态: 隐藏		终止状态: 显示		移动节点: 1
1000	1	0	0	0	0	1	0	0	0	0	1	0	0	0	-0.3	1
1000	1	0	0	0	0	1	0	0	0	0	1	0	0	0	0	1

配合:		0


9	3
中孔栈桥梁-1/中孔栈桥-1/M22螺母-25
固定轨排
没有标记
sound\渡轮栈桥拼组.9.mp3

轨排通过钩头螺栓和栈桥工字梁梁连接成整体。

起始状态: 隐藏		终止状态: 显示		移动节点: 1
1000	1	0	0	0	0	1	0	0	0	0	1	0	0	0	0.3	1
1000	1	0	0	0	0	1	0	0	0	0	1	0	0	0	0	1

配合:		0


9	3
中孔栈桥梁-1/中孔栈桥-1/轨排螺栓-6
固定轨排
没有标记
sound\渡轮栈桥拼组.9.mp3

轨排通过钩头螺栓和栈桥工字梁梁连接成整体。

起始状态: 隐藏		终止状态: 显示		移动节点: 1
1000	1	0	0	0	0	1	0	0	0	0	1	0	0	0	-0.3	1
1000	1	0	0	0	0	1	0	0	0	0	1	0	0	0	0	1

配合:		0


9	3
中孔栈桥梁-1/中孔栈桥-1/轨排螺栓垫片-19
固定轨排
没有标记
sound\渡轮栈桥拼组.9.mp3

轨排通过钩头螺栓和栈桥工字梁梁连接成整体。

起始状态: 隐藏		终止状态: 显示		移动节点: 1
1000	1	0	0	0	0	1	0	0	0	0	1	0	0	0	-0.3	1
1000	1	0	0	0	0	1	0	0	0	0	1	0	0	0	0	1

配合:		0


9	3
中孔栈桥梁-1/中孔栈桥-1/轨排螺栓-30
固定轨排
没有标记
sound\渡轮栈桥拼组.9.mp3

轨排通过钩头螺栓和栈桥工字梁梁连接成整体。

起始状态: 隐藏		终止状态: 显示		移动节点: 1
1000	1	0	0	0	0	1	0	0	0	0	1	0	0	0	-0.3	1
1000	1	0	0	0	0	1	0	0	0	0	1	0	0	0	0	1

配合:		0


9	3
中孔栈桥梁-1/中孔栈桥-1/M22螺母-16
固定轨排
没有标记
sound\渡轮栈桥拼组.9.mp3

轨排通过钩头螺栓和栈桥工字梁梁连接成整体。

起始状态: 隐藏		终止状态: 显示		移动节点: 1
1000	1	0	0	0	0	1	0	0	0	0	1	0	0	0	0.3	1
1000	1	0	0	0	0	1	0	0	0	0	1	0	0	0	0	1

配合:		0


9	3
中孔栈桥梁-1/中孔栈桥-1/轨排螺栓垫片-5
固定轨排
没有标记
sound\渡轮栈桥拼组.9.mp3

轨排通过钩头螺栓和栈桥工字梁梁连接成整体。

起始状态: 隐藏		终止状态: 显示		移动节点: 1
1000	1	0	0	0	0	1	0	0	0	0	1	0	0	0	-0.3	1
1000	1	0	0	0	0	1	0	0	0	0	1	0	0	0	0	1

配合:		0


9	3
中孔栈桥梁-1/中孔栈桥-1/轨排螺栓-2
固定轨排
没有标记
sound\渡轮栈桥拼组.9.mp3

轨排通过钩头螺栓和栈桥工字梁梁连接成整体。

起始状态: 隐藏		终止状态: 显示		移动节点: 1
1000	1	0	0	0	0	1	0	0	0	0	1	0	0	0	-0.3	1
1000	1	0	0	0	0	1	0	0	0	0	1	0	0	0	0	1

配合:		0


9	3
中孔栈桥梁-1/中孔栈桥-1/轨排螺栓垫片-1
固定轨排
没有标记
sound\渡轮栈桥拼组.9.mp3

轨排通过钩头螺栓和栈桥工字梁梁连接成整体。

起始状态: 隐藏		终止状态: 显示		移动节点: 1
1000	1	0	0	0	0	1	0	0	0	0	1	0	0	0	-0.3	1
1000	1	0	0	0	0	1	0	0	0	0	1	0	0	0	0	1

配合:		0


9	3
中孔栈桥梁-1/中孔栈桥-1/轨排螺栓垫片-6
固定轨排
没有标记
sound\渡轮栈桥拼组.9.mp3

轨排通过钩头螺栓和栈桥工字梁梁连接成整体。

起始状态: 隐藏		终止状态: 显示		移动节点: 1
1000	1	0	0	0	0	1	0	0	0	0	1	0	0	0	-0.3	1
1000	1	0	0	0	0	1	0	0	0	0	1	0	0	0	0	1

配合:		0


9	3
中孔栈桥梁-1/中孔栈桥-1/轨排螺栓-29
固定轨排
没有标记
sound\渡轮栈桥拼组.9.mp3

轨排通过钩头螺栓和栈桥工字梁梁连接成整体。

起始状态: 隐藏		终止状态: 显示		移动节点: 1
1000	1	0	0	0	0	1	0	0	0	0	1	0	0	0	-0.3	1
1000	1	0	0	0	0	1	0	0	0	0	1	0	0	0	0	1

配合:		0


9	3
中孔栈桥梁-1/中孔栈桥-1/轨排螺栓-19
固定轨排
没有标记
sound\渡轮栈桥拼组.9.mp3

轨排通过钩头螺栓和栈桥工字梁梁连接成整体。

起始状态: 隐藏		终止状态: 显示		移动节点: 1
1000	1	0	0	0	0	1	0	0	0	0	1	0	0	0	-0.3	1
1000	1	0	0	0	0	1	0	0	0	0	1	0	0	0	0	1

配合:		0


9	3
中孔栈桥梁-1/中孔栈桥-1/轨排螺栓-14
固定轨排
没有标记
sound\渡轮栈桥拼组.9.mp3

轨排通过钩头螺栓和栈桥工字梁梁连接成整体。

起始状态: 隐藏		终止状态: 显示		移动节点: 1
1000	1	0	0	0	0	1	0	0	0	0	1	0	0	0	-0.3	1
1000	1	0	0	0	0	1	0	0	0	0	1	0	0	0	0	1

配合:		0


9	3
中孔栈桥梁-1/中孔栈桥-1/M22螺母-1
固定轨排
没有标记
sound\渡轮栈桥拼组.9.mp3

轨排通过钩头螺栓和栈桥工字梁梁连接成整体。

起始状态: 隐藏		终止状态: 显示		移动节点: 1
1000	1	0	0	0	0	1	0	0	0	0	1	0	0	0	0.3	1
1000	1	0	0	0	0	1	0	0	0	0	1	0	0	0	0	1

配合:		0


9	3
中孔栈桥梁-1/中孔栈桥-1/轨排螺栓垫片-16
固定轨排
没有标记
sound\渡轮栈桥拼组.9.mp3

轨排通过钩头螺栓和栈桥工字梁梁连接成整体。

起始状态: 隐藏		终止状态: 显示		移动节点: 1
1000	1	0	0	0	0	1	0	0	0	0	1	0	0	0	-0.3	1
1000	1	0	0	0	0	1	0	0	0	0	1	0	0	0	0	1

配合:		0


9	3
中孔栈桥梁-1/中孔栈桥-1/轨排螺栓-28
固定轨排
没有标记
sound\渡轮栈桥拼组.9.mp3

轨排通过钩头螺栓和栈桥工字梁梁连接成整体。

起始状态: 隐藏		终止状态: 显示		移动节点: 1
1000	1	0	0	0	0	1	0	0	0	0	1	0	0	0	-0.3	1
1000	1	0	0	0	0	1	0	0	0	0	1	0	0	0	0	1

配合:		0


9	3
中孔栈桥梁-1/中孔栈桥-1/轨排螺栓-8
固定轨排
没有标记
sound\渡轮栈桥拼组.9.mp3

轨排通过钩头螺栓和栈桥工字梁梁连接成整体。

起始状态: 隐藏		终止状态: 显示		移动节点: 1
1000	1	0	0	0	0	1	0	0	0	0	1	0	0	0	-0.3	1
1000	1	0	0	0	0	1	0	0	0	0	1	0	0	0	0	1

配合:		0


9	3
中孔栈桥梁-1/中孔栈桥-1/M22螺母-30
固定轨排
没有标记
sound\渡轮栈桥拼组.9.mp3

轨排通过钩头螺栓和栈桥工字梁梁连接成整体。

起始状态: 隐藏		终止状态: 显示		移动节点: 1
1000	1	0	0	0	0	1	0	0	0	0	1	0	0	0	0.3	1
1000	1	0	0	0	0	1	0	0	0	0	1	0	0	0	0	1

配合:		0


9	3
中孔栈桥梁-1/中孔栈桥-1/轨排螺栓垫片-14
固定轨排
没有标记
sound\渡轮栈桥拼组.9.mp3

轨排通过钩头螺栓和栈桥工字梁梁连接成整体。

起始状态: 隐藏		终止状态: 显示		移动节点: 1
1000	1	0	0	0	0	1	0	0	0	0	1	0	0	0	-0.3	1
1000	1	0	0	0	0	1	0	0	0	0	1	0	0	0	0	1

配合:		0


9	3
中孔栈桥梁-1/中孔栈桥-1/轨排螺栓垫片-24
固定轨排
没有标记
sound\渡轮栈桥拼组.9.mp3

轨排通过钩头螺栓和栈桥工字梁梁连接成整体。

起始状态: 隐藏		终止状态: 显示		移动节点: 1
1000	1	0	0	0	0	1	0	0	0	0	1	0	0	0	-0.3	1
1000	1	0	0	0	0	1	0	0	0	0	1	0	0	0	0	1

配合:		0


9	3
中孔栈桥梁-1/中孔栈桥-1/轨排螺栓垫片-32
固定轨排
没有标记
sound\渡轮栈桥拼组.9.mp3

轨排通过钩头螺栓和栈桥工字梁梁连接成整体。

起始状态: 隐藏		终止状态: 显示		移动节点: 1
1000	1	0	0	0	0	1	0	0	0	0	1	0	0	0	-0.3	1
1000	1	0	0	0	0	1	0	0	0	0	1	0	0	0	0	1

配合:		0


9	3
中孔栈桥梁-1/中孔栈桥-1/轨排螺栓-5
固定轨排
没有标记
sound\渡轮栈桥拼组.9.mp3

轨排通过钩头螺栓和栈桥工字梁梁连接成整体。

起始状态: 隐藏		终止状态: 显示		移动节点: 1
1000	1	0	0	0	0	1	0	0	0	0	1	0	0	0	-0.3	1
1000	1	0	0	0	0	1	0	0	0	0	1	0	0	0	0	1

配合:		0


9	3
中孔栈桥梁-1/中孔栈桥-1/M22螺母-29
固定轨排
没有标记
sound\渡轮栈桥拼组.9.mp3

轨排通过钩头螺栓和栈桥工字梁梁连接成整体。

起始状态: 隐藏		终止状态: 显示		移动节点: 1
1000	1	0	0	0	0	1	0	0	0	0	1	0	0	0	0.3	1
1000	1	0	0	0	0	1	0	0	0	0	1	0	0	0	0	1

配合:		0


9	3
中孔栈桥梁-1/中孔栈桥-1/轨排螺栓-32
固定轨排
没有标记
sound\渡轮栈桥拼组.9.mp3

轨排通过钩头螺栓和栈桥工字梁梁连接成整体。

起始状态: 隐藏		终止状态: 显示		移动节点: 1
1000	1	0	0	0	0	1	0	0	0	0	1	0	0	0	-0.3	1
1000	1	0	0	0	0	1	0	0	0	0	1	0	0	0	0	1

配合:		0


9	3
中孔栈桥梁-1/中孔栈桥-1/轨排螺栓垫片-8
固定轨排
没有标记
sound\渡轮栈桥拼组.9.mp3

轨排通过钩头螺栓和栈桥工字梁梁连接成整体。

起始状态: 隐藏		终止状态: 显示		移动节点: 1
1000	1	0	0	0	0	1	0	0	0	0	1	0	0	0	-0.3	1
1000	1	0	0	0	0	1	0	0	0	0	1	0	0	0	0	1

配合:		0


9	3
中孔栈桥梁-1/中孔栈桥-1/M22螺母-12
固定轨排
没有标记
sound\渡轮栈桥拼组.9.mp3

轨排通过钩头螺栓和栈桥工字梁梁连接成整体。

起始状态: 隐藏		终止状态: 显示		移动节点: 1
1000	1	0	0	0	0	1	0	0	0	0	1	0	0	0	0.3	1
1000	1	0	0	0	0	1	0	0	0	0	1	0	0	0	0	1

配合:		0


9	3
中孔栈桥梁-1/中孔栈桥-1/M22螺母-26
固定轨排
没有标记
sound\渡轮栈桥拼组.9.mp3

轨排通过钩头螺栓和栈桥工字梁梁连接成整体。

起始状态: 隐藏		终止状态: 显示		移动节点: 1
1000	1	0	0	0	0	1	0	0	0	0	1	0	0	0	0.3	1
1000	1	0	0	0	0	1	0	0	0	0	1	0	0	0	0	1

配合:		0


9	3
中孔栈桥梁-1/中孔栈桥-1/M22螺母-3
固定轨排
没有标记
sound\渡轮栈桥拼组.9.mp3

轨排通过钩头螺栓和栈桥工字梁梁连接成整体。

起始状态: 隐藏		终止状态: 显示		移动节点: 1
1000	1	0	0	0	0	1	0	0	0	0	1	0	0	0	0.3	1
1000	1	0	0	0	0	1	0	0	0	0	1	0	0	0	0	1

配合:		0


9	3
中孔栈桥梁-1/中孔栈桥-1/M22螺母-11
固定轨排
没有标记
sound\渡轮栈桥拼组.9.mp3

轨排通过钩头螺栓和栈桥工字梁梁连接成整体。

起始状态: 隐藏		终止状态: 显示		移动节点: 1
1000	1	0	0	0	0	1	0	0	0	0	1	0	0	0	0.3	1
1000	1	0	0	0	0	1	0	0	0	0	1	0	0	0	0	1

配合:		0


9	3
中孔栈桥梁-1/中孔栈桥-1/轨排螺栓-17
固定轨排
没有标记
sound\渡轮栈桥拼组.9.mp3

轨排通过钩头螺栓和栈桥工字梁梁连接成整体。

起始状态: 隐藏		终止状态: 显示		移动节点: 1
1000	1	0	0	0	0	1	0	0	0	0	1	0	0	0	-0.3	1
1000	1	0	0	0	0	1	0	0	0	0	1	0	0	0	0	1

配合:		0


9	3
中孔栈桥梁-1/中孔栈桥-1/轨排螺栓-20
固定轨排
没有标记
sound\渡轮栈桥拼组.9.mp3

轨排通过钩头螺栓和栈桥工字梁梁连接成整体。

起始状态: 隐藏		终止状态: 显示		移动节点: 1
1000	1	0	0	0	0	1	0	0	0	0	1	0	0	0	-0.3	1
1000	1	0	0	0	0	1	0	0	0	0	1	0	0	0	0	1

配合:		0


9	3
中孔栈桥梁-1/中孔栈桥-1/轨排螺栓垫片-11
固定轨排
没有标记
sound\渡轮栈桥拼组.9.mp3

轨排通过钩头螺栓和栈桥工字梁梁连接成整体。

起始状态: 隐藏		终止状态: 显示		移动节点: 1
1000	1	0	0	0	0	1	0	0	0	0	1	0	0	0	-0.3	1
1000	1	0	0	0	0	1	0	0	0	0	1	0	0	0	0	1

配合:		0


9	3
中孔栈桥梁-1/中孔栈桥-1/轨排螺栓-10
固定轨排
没有标记
sound\渡轮栈桥拼组.9.mp3

轨排通过钩头螺栓和栈桥工字梁梁连接成整体。

起始状态: 隐藏		终止状态: 显示		移动节点: 1
1000	1	0	0	0	0	1	0	0	0	0	1	0	0	0	-0.3	1
1000	1	0	0	0	0	1	0	0	0	0	1	0	0	0	0	1

配合:		0


9	3
中孔栈桥梁-1/中孔栈桥-1/M22螺母-4
固定轨排
没有标记
sound\渡轮栈桥拼组.9.mp3

轨排通过钩头螺栓和栈桥工字梁梁连接成整体。

起始状态: 隐藏		终止状态: 显示		移动节点: 1
1000	1	0	0	0	0	1	0	0	0	0	1	0	0	0	0.3	1
1000	1	0	0	0	0	1	0	0	0	0	1	0	0	0	0	1

配合:		0


9	3
中孔栈桥梁-1/中孔栈桥-1/M22螺母-32
固定轨排
没有标记
sound\渡轮栈桥拼组.9.mp3

轨排通过钩头螺栓和栈桥工字梁梁连接成整体。

起始状态: 隐藏		终止状态: 显示		移动节点: 1
1000	1	0	0	0	0	1	0	0	0	0	1	0	0	0	0.3	1
1000	1	0	0	0	0	1	0	0	0	0	1	0	0	0	0	1

配合:		0


9	3
中孔栈桥梁-1/中孔栈桥-1/轨排螺栓-16
固定轨排
没有标记
sound\渡轮栈桥拼组.9.mp3

轨排通过钩头螺栓和栈桥工字梁梁连接成整体。

起始状态: 隐藏		终止状态: 显示		移动节点: 1
1000	1	0	0	0	0	1	0	0	0	0	1	0	0	0	-0.3	1
1000	1	0	0	0	0	1	0	0	0	0	1	0	0	0	0	1

配合:		0


9	3
中孔栈桥梁-1/中孔栈桥-1/轨排螺栓垫片-12
固定轨排
没有标记
sound\渡轮栈桥拼组.9.mp3

轨排通过钩头螺栓和栈桥工字梁梁连接成整体。

起始状态: 隐藏		终止状态: 显示		移动节点: 1
1000	1	0	0	0	0	1	0	0	0	0	1	0	0	0	-0.3	1
1000	1	0	0	0	0	1	0	0	0	0	1	0	0	0	0	1

配合:		0


9	3
中孔栈桥梁-1/中孔栈桥-1/M22螺母-18
固定轨排
没有标记
sound\渡轮栈桥拼组.9.mp3

轨排通过钩头螺栓和栈桥工字梁梁连接成整体。

起始状态: 隐藏		终止状态: 显示		移动节点: 1
1000	1	0	0	0	0	1	0	0	0	0	1	0	0	0	0.3	1
1000	1	0	0	0	0	1	0	0	0	0	1	0	0	0	0	1

配合:		0


9	3
中孔栈桥梁-1/中孔栈桥-1/M22螺母-28
固定轨排
没有标记
sound\渡轮栈桥拼组.9.mp3

轨排通过钩头螺栓和栈桥工字梁梁连接成整体。

起始状态: 隐藏		终止状态: 显示		移动节点: 1
1000	1	0	0	0	0	1	0	0	0	0	1	0	0	0	0.3	1
1000	1	0	0	0	0	1	0	0	0	0	1	0	0	0	0	1

配合:		0


9	3
中孔栈桥梁-1/中孔栈桥-1/轨排螺栓垫片-27
固定轨排
没有标记
sound\渡轮栈桥拼组.9.mp3

轨排通过钩头螺栓和栈桥工字梁梁连接成整体。

起始状态: 隐藏		终止状态: 显示		移动节点: 1
1000	1	0	0	0	0	1	0	0	0	0	1	0	0	0	-0.3	1
1000	1	0	0	0	0	1	0	0	0	0	1	0	0	0	0	1

配合:		0


9	3
中孔栈桥梁-1/中孔栈桥-1/轨排螺栓垫片-25
固定轨排
没有标记
sound\渡轮栈桥拼组.9.mp3

轨排通过钩头螺栓和栈桥工字梁梁连接成整体。

起始状态: 隐藏		终止状态: 显示		移动节点: 1
1000	1	0	0	0	0	1	0	0	0	0	1	0	0	0	-0.3	1
1000	1	0	0	0	0	1	0	0	0	0	1	0	0	0	0	1

配合:		0


9	3
中孔栈桥梁-1/中孔栈桥-1/轨排螺栓垫片-18
固定轨排
没有标记
sound\渡轮栈桥拼组.9.mp3

轨排通过钩头螺栓和栈桥工字梁梁连接成整体。

起始状态: 隐藏		终止状态: 显示		移动节点: 1
1000	1	0	0	0	0	1	0	0	0	0	1	0	0	0	-0.3	1
1000	1	0	0	0	0	1	0	0	0	0	1	0	0	0	0	1

配合:		0


9	3
中孔栈桥梁-1/中孔栈桥-1/轨排螺栓-15
固定轨排
没有标记
sound\渡轮栈桥拼组.9.mp3

轨排通过钩头螺栓和栈桥工字梁梁连接成整体。

起始状态: 隐藏		终止状态: 显示		移动节点: 1
1000	1	0	0	0	0	1	0	0	0	0	1	0	0	0	-0.3	1
1000	1	0	0	0	0	1	0	0	0	0	1	0	0	0	0	1

配合:		0


9	3
中孔栈桥梁-1/中孔栈桥-1/轨排螺栓-9
固定轨排
没有标记
sound\渡轮栈桥拼组.9.mp3

轨排通过钩头螺栓和栈桥工字梁梁连接成整体。

起始状态: 隐藏		终止状态: 显示		移动节点: 1
1000	1	0	0	0	0	1	0	0	0	0	1	0	0	0	-0.3	1
1000	1	0	0	0	0	1	0	0	0	0	1	0	0	0	0	1

配合:		0


9	3
中孔栈桥梁-1/中孔栈桥-1/轨排螺栓-4
固定轨排
没有标记
sound\渡轮栈桥拼组.9.mp3

轨排通过钩头螺栓和栈桥工字梁梁连接成整体。

起始状态: 隐藏		终止状态: 显示		移动节点: 1
1000	1	0	0	0	0	1	0	0	0	0	1	0	0	0	-0.3	1
1000	1	0	0	0	0	1	0	0	0	0	1	0	0	0	0	1

配合:		0


9	3
中孔栈桥梁-1/中孔栈桥-1/轨排螺栓-24
固定轨排
没有标记
sound\渡轮栈桥拼组.9.mp3

轨排通过钩头螺栓和栈桥工字梁梁连接成整体。

起始状态: 隐藏		终止状态: 显示		移动节点: 1
1000	1	0	0	0	0	1	0	0	0	0	1	0	0	0	-0.3	1
1000	1	0	0	0	0	1	0	0	0	0	1	0	0	0	0	1

配合:		0


9	3
中孔栈桥梁-1/中孔栈桥-1/轨排螺栓垫片-27
固定轨排
没有标记
sound\渡轮栈桥拼组.9.mp3

轨排通过钩头螺栓和栈桥工字梁梁连接成整体。

起始状态: 隐藏		终止状态: 显示		移动节点: 1
1000	1	0	0	0	0	1	0	0	0	0	1	0	0	0	-0.3	1
1000	1	0	0	0	0	1	0	0	0	0	1	0	0	0	0	1

配合:		0


9	3
中孔栈桥梁-1/中孔栈桥-1/轨排螺栓垫片-13
固定轨排
没有标记
sound\渡轮栈桥拼组.9.mp3

轨排通过钩头螺栓和栈桥工字梁梁连接成整体。

起始状态: 隐藏		终止状态: 显示		移动节点: 1
1000	1	0	0	0	0	1	0	0	0	0	1	0	0	0	-0.3	1
1000	1	0	0	0	0	1	0	0	0	0	1	0	0	0	0	1

配合:		0


9	3
中孔栈桥梁-1/中孔栈桥-1/M22螺母-19
固定轨排
没有标记
sound\渡轮栈桥拼组.9.mp3

轨排通过钩头螺栓和栈桥工字梁梁连接成整体。

起始状态: 隐藏		终止状态: 显示		移动节点: 1
1000	1	0	0	0	0	1	0	0	0	0	1	0	0	0	0.3	1
1000	1	0	0	0	0	1	0	0	0	0	1	0	0	0	0	1

配合:		0


9	3
中孔栈桥梁-1/中孔栈桥-1/轨排螺栓-7
固定轨排
没有标记
sound\渡轮栈桥拼组.9.mp3

轨排通过钩头螺栓和栈桥工字梁梁连接成整体。

起始状态: 隐藏		终止状态: 显示		移动节点: 1
1000	1	0	0	0	0	1	0	0	0	0	1	0	0	0	-0.3	1
1000	1	0	0	0	0	1	0	0	0	0	1	0	0	0	0	1

配合:		0


9	3
中孔栈桥梁-1/中孔栈桥-1/M22螺母-2
固定轨排
没有标记
sound\渡轮栈桥拼组.9.mp3

轨排通过钩头螺栓和栈桥工字梁梁连接成整体。

起始状态: 隐藏		终止状态: 显示		移动节点: 1
1000	1	0	0	0	0	1	0	0	0	0	1	0	0	0	0.3	1
1000	1	0	0	0	0	1	0	0	0	0	1	0	0	0	0	1

配合:		0


9	3
中孔栈桥梁-1/中孔栈桥-1/轨排螺栓垫片-9
固定轨排
没有标记
sound\渡轮栈桥拼组.9.mp3

轨排通过钩头螺栓和栈桥工字梁梁连接成整体。

起始状态: 隐藏		终止状态: 显示		移动节点: 1
1000	1	0	0	0	0	1	0	0	0	0	1	0	0	0	-0.3	1
1000	1	0	0	0	0	1	0	0	0	0	1	0	0	0	0	1

配合:		0


9	3
中孔栈桥梁-1/中孔栈桥-1/轨排螺栓-22
固定轨排
没有标记
sound\渡轮栈桥拼组.9.mp3

轨排通过钩头螺栓和栈桥工字梁梁连接成整体。

起始状态: 隐藏		终止状态: 显示		移动节点: 1
1000	1	0	0	0	0	1	0	0	0	0	1	0	0	0	-0.3	1
1000	1	0	0	0	0	1	0	0	0	0	1	0	0	0	0	1

配合:		0


9	3
中孔栈桥梁-1/中孔栈桥-1/轨排螺栓-12
固定轨排
没有标记
sound\渡轮栈桥拼组.9.mp3

轨排通过钩头螺栓和栈桥工字梁梁连接成整体。

起始状态: 隐藏		终止状态: 显示		移动节点: 1
1000	1	0	0	0	0	1	0	0	0	0	1	0	0	0	-0.3	1
1000	1	0	0	0	0	1	0	0	0	0	1	0	0	0	0	1

配合:		0


9	3
中孔栈桥梁-1/中孔栈桥-1/轨排螺栓垫片-3
固定轨排
没有标记
sound\渡轮栈桥拼组.9.mp3

轨排通过钩头螺栓和栈桥工字梁梁连接成整体。

起始状态: 隐藏		终止状态: 显示		移动节点: 1
1000	1	0	0	0	0	1	0	0	0	0	1	0	0	0	-0.3	1
1000	1	0	0	0	0	1	0	0	0	0	1	0	0	0	0	1

配合:		0


9	3
中孔栈桥梁-1/中孔栈桥-1/M22螺母-7
固定轨排
没有标记
sound\渡轮栈桥拼组.9.mp3

轨排通过钩头螺栓和栈桥工字梁梁连接成整体。

起始状态: 隐藏		终止状态: 显示		移动节点: 1
1000	1	0	0	0	0	1	0	0	0	0	1	0	0	0	0.3	1
1000	1	0	0	0	0	1	0	0	0	0	1	0	0	0	0	1

配合:		0


10	1
JH2a-1
安装铰接头桥面短轨
没有标记
sound\渡轮栈桥拼组.10.mp3

安装铰接头短轨。

起始状态: 隐藏		终止状态: 显示		移动节点: 1
1000	1	0	0	0	0	1	0	0	0	0	1	0	0.5	0	0	1
1000	1	0	0	0	0	1	0	0	0	0	1	0	0	0	0	1

配合:		0


10	1
JH1a-1
安装铰接头桥面短轨
没有标记
sound\渡轮栈桥拼组.10.mp3

安装铰接头短轨。

起始状态: 隐藏		终止状态: 显示		移动节点: 1
1000	1	0	0	0	0	1	0	0	0	0	1	0	0.5	0	0	1
1000	1	0	0	0	0	1	0	0	0	0	1	0	0	0	0	1

配合:		0


10	2
M22螺母-3
安装铰接头桥面短轨
没有标记
sound\渡轮栈桥拼组.10.mp3

安装铰接头短轨。

起始状态: 隐藏		终止状态: 显示		移动节点: 1
1000	1	0	0	0	0	1	0	0	0	0	1	0	0	0	0.15	1
1000	1	0	0	0	0	1	0	0	0	0	1	0	0	0	0	1

配合:		0


10	2
M22x150-18
安装铰接头桥面短轨
没有标记
sound\渡轮栈桥拼组.10.mp3

安装铰接头短轨。

起始状态: 隐藏		终止状态: 显示		移动节点: 1
1000	1	0	0	0	0	1	0	0	0	0	1	0	-0.15	0	0	1
1000	1	0	0	0	0	1	0	0	0	0	1	0	0	0	0	1

配合:		0


10	2
M22x150-19
安装铰接头桥面短轨
没有标记
sound\渡轮栈桥拼组.10.mp3

安装铰接头短轨。

起始状态: 隐藏		终止状态: 显示		移动节点: 1
1000	1	0	0	0	0	1	0	0	0	0	1	0	-0.15	0	0	1
1000	1	0	0	0	0	1	0	0	0	0	1	0	0	0	0	1

配合:		0


10	2
垫圈M22-2
安装铰接头桥面短轨
没有标记
sound\渡轮栈桥拼组.10.mp3

安装铰接头短轨。

起始状态: 隐藏		终止状态: 显示		移动节点: 1
1000	1	0	0	0	0	1	0	0	0	0	1	0	-0.15	0	0	1
1000	1	0	0	0	0	1	0	0	0	0	1	0	0	0	0	1

配合:		0


10	2
垫圈M22-1
安装铰接头桥面短轨
没有标记
sound\渡轮栈桥拼组.10.mp3

安装铰接头短轨。

起始状态: 隐藏		终止状态: 显示		移动节点: 1
1000	1	0	0	0	0	1	0	0	0	0	1	0	-0.15	0	0	1
1000	1	0	0	0	0	1	0	0	0	0	1	0	0	0	0	1

配合:		0


10	2
M22螺母-2
安装铰接头桥面短轨
没有标记
sound\渡轮栈桥拼组.10.mp3

安装铰接头短轨。

起始状态: 隐藏		终止状态: 显示		移动节点: 1
1000	1	0	0	0	0	1	0	0	0	0	1	0	0	0	0.15	1
1000	1	0	0	0	0	1	0	0	0	0	1	0	0	0	0	1

配合:		0


11	1
JL1-1
安装渡轮桥面短轨
没有标记
sound\渡轮栈桥拼组.11.mp3

安装渡轮桥面短轨。

起始状态: 隐藏		终止状态: 显示		移动节点: 1
1000	1	0	0	0	0	1	0	0	0	0	1	0	0	0.5	0	1
1000	1	0	0	0	0	1	0	0	0	0	1	0	0	0	0	1

配合:		0


11	1
JL3-1
安装渡轮桥面短轨
没有标记
sound\渡轮栈桥拼组.11.mp3

安装渡轮桥面短轨。

起始状态: 隐藏		终止状态: 显示		移动节点: 1
1000	1	0	0	0	0	1	0	0	0	0	1	0	0	0.5	0	1
1000	1	0	0	0	0	1	0	0	0	0	1	0	0	0	0	1

配合:		0


11	2
JH0螺母-2
安装渡轮桥面短轨
没有标记
sound\渡轮栈桥拼组.11.mp3

安装渡轮桥面短轨。

起始状态: 隐藏		终止状态: 显示		移动节点: 1
1000	1	0	0	0	0	1	0	0	0	0	1	0	0	0	0.15	1
1000	1	0	0	0	0	1	0	0	0	0	1	0	0	0	0	1

配合:		0


11	2
jh0螺栓-1
安装渡轮桥面短轨
没有标记
sound\渡轮栈桥拼组.11.mp3

安装渡轮桥面短轨。

起始状态: 隐藏		终止状态: 显示		移动节点: 1
1000	1	0	0	0	0	1	0	0	0	0	1	0	0.15	0	0	1
1000	1	0	0	0	0	1	0	0	0	0	1	0	0	0	0	1

配合:		0


11	2
jh0螺栓-2
安装渡轮桥面短轨
没有标记
sound\渡轮栈桥拼组.11.mp3

安装渡轮桥面短轨。

起始状态: 隐藏		终止状态: 显示		移动节点: 1
1000	1	0	0	0	0	1	0	0	0	0	1	0	0.15	0	0	1
1000	1	0	0	0	0	1	0	0	0	0	1	0	0	0	0	1

配合:		0


11	2
JH0螺母-1
安装渡轮桥面短轨
没有标记
sound\渡轮栈桥拼组.11.mp3

安装渡轮桥面短轨。

起始状态: 隐藏		终止状态: 显示		移动节点: 1
1000	1	0	0	0	0	1	0	0	0	0	1	0	0	0	0.15	1
1000	1	0	0	0	0	1	0	0	0	0	1	0	0	0	0	1

配合:		0


12	1
JB3-2
安装鱼尾板
没有标记
sound\渡轮栈桥拼组.12.mp3

安装短轨鱼尾板。

起始状态: 隐藏		终止状态: 显示		移动节点: 1
1000	1	0	0	0	0	1	0	0	0	0	1	0	0.15	0	0	1
1000	1	0	0	0	0	1	0	0	0	0	1	0	0	0	0	1

配合:		0


12	1
JB3-1
安装鱼尾板
没有标记
sound\渡轮栈桥拼组.12.mp3

安装短轨鱼尾板。

起始状态: 隐藏		终止状态: 显示		移动节点: 1
1000	1	0	0	0	0	1	0	0	0	0	1	0	0.15	0	0	1
1000	1	0	0	0	0	1	0	0	0	0	1	0	0	0	0	1

配合:		0


12	1
JB3-3
安装鱼尾板
没有标记
sound\渡轮栈桥拼组.12.mp3

安装短轨鱼尾板。

起始状态: 隐藏		终止状态: 显示		移动节点: 1
1000	1	0	0	0	0	1	0	0	0	0	1	0	0.15	0	0	1
1000	1	0	0	0	0	1	0	0	0	0	1	0	0	0	0	1

配合:		0


12	1
JB3-4
安装鱼尾板
没有标记
sound\渡轮栈桥拼组.12.mp3

安装短轨鱼尾板。

起始状态: 隐藏		终止状态: 显示		移动节点: 1
1000	1	0	0	0	0	1	0	0	0	0	1	0	0.15	0	0	1
1000	1	0	0	0	0	1	0	0	0	0	1	0	0	0	0	1

配合:		0


12	2
垫圈M22-10
安装鱼尾板
没有标记
sound\渡轮栈桥拼组.12.mp3

安装短轨鱼尾板。

起始状态: 隐藏		终止状态: 显示		移动节点: 1
1000	1	0	0	0	0	1	0	0	0	0	1	0	-0.15	0	0	1
1000	1	0	0	0	0	1	0	0	0	0	1	0	0	0	0	1

配合:		0


12	2
M22螺母-20
安装鱼尾板
没有标记
sound\渡轮栈桥拼组.12.mp3

安装短轨鱼尾板。

起始状态: 隐藏		终止状态: 显示		移动节点: 1
1000	1	0	0	0	0	1	0	0	0	0	1	0	0	0	0.15	1
1000	1	0	0	0	0	1	0	0	0	0	1	0	0	0	0	1

配合:		0


12	2
M22x150-21
安装鱼尾板
没有标记
sound\渡轮栈桥拼组.12.mp3

安装短轨鱼尾板。

起始状态: 隐藏		终止状态: 显示		移动节点: 1
1000	1	0	0	0	0	1	0	0	0	0	1	0	-0.15	0	0	1
1000	1	0	0	0	0	1	0	0	0	0	1	0	0	0	0	1

配合:		0


12	2
M22x150-7
安装鱼尾板
没有标记
sound\渡轮栈桥拼组.12.mp3

安装短轨鱼尾板。

起始状态: 隐藏		终止状态: 显示		移动节点: 1
1000	1	0	0	0	0	1	0	0	0	0	1	0	-0.15	0	0	1
1000	1	0	0	0	0	1	0	0	0	0	1	0	0	0	0	1

配合:		0


12	2
垫圈M22-23
安装鱼尾板
没有标记
sound\渡轮栈桥拼组.12.mp3

安装短轨鱼尾板。

起始状态: 隐藏		终止状态: 显示		移动节点: 1
1000	1	0	0	0	0	1	0	0	0	0	1	0	-0.15	0	0	1
1000	1	0	0	0	0	1	0	0	0	0	1	0	0	0	0	1

配合:		0


12	2
垫圈M22-22
安装鱼尾板
没有标记
sound\渡轮栈桥拼组.12.mp3

安装短轨鱼尾板。

起始状态: 隐藏		终止状态: 显示		移动节点: 1
1000	1	0	0	0	0	1	0	0	0	0	1	0	-0.15	0	0	1
1000	1	0	0	0	0	1	0	0	0	0	1	0	0	0	0	1

配合:		0


12	2
M22x150-25
安装鱼尾板
没有标记
sound\渡轮栈桥拼组.12.mp3

安装短轨鱼尾板。

起始状态: 隐藏		终止状态: 显示		移动节点: 1
1000	1	0	0	0	0	1	0	0	0	0	1	0	-0.15	0	0	1
1000	1	0	0	0	0	1	0	0	0	0	1	0	0	0	0	1

配合:		0


12	2
M22x150-2
安装鱼尾板
没有标记
sound\渡轮栈桥拼组.12.mp3

安装短轨鱼尾板。

起始状态: 隐藏		终止状态: 显示		移动节点: 1
1000	1	0	0	0	0	1	0	0	0	0	1	0	-0.15	0	0	1
1000	1	0	0	0	0	1	0	0	0	0	1	0	0	0	0	1

配合:		0


12	2
垫圈M22-3
安装鱼尾板
没有标记
sound\渡轮栈桥拼组.12.mp3

安装短轨鱼尾板。

起始状态: 隐藏		终止状态: 显示		移动节点: 1
1000	1	0	0	0	0	1	0	0	0	0	1	0	-0.15	0	0	1
1000	1	0	0	0	0	1	0	0	0	0	1	0	0	0	0	1

配合:		0


12	2
M22螺母-17
安装鱼尾板
没有标记
sound\渡轮栈桥拼组.12.mp3

安装短轨鱼尾板。

起始状态: 隐藏		终止状态: 显示		移动节点: 1
1000	1	0	0	0	0	1	0	0	0	0	1	0	0	0	0.15	1
1000	1	0	0	0	0	1	0	0	0	0	1	0	0	0	0	1

配合:		0


12	2
垫圈M22-9
安装鱼尾板
没有标记
sound\渡轮栈桥拼组.12.mp3

安装短轨鱼尾板。

起始状态: 隐藏		终止状态: 显示		移动节点: 1
1000	1	0	0	0	0	1	0	0	0	0	1	0	-0.15	0	0	1
1000	1	0	0	0	0	1	0	0	0	0	1	0	0	0	0	1

配合:		0


12	2
M22x150-23
安装鱼尾板
没有标记
sound\渡轮栈桥拼组.12.mp3

安装短轨鱼尾板。

起始状态: 隐藏		终止状态: 显示		移动节点: 1
1000	1	0	0	0	0	1	0	0	0	0	1	0	-0.15	0	0	1
1000	1	0	0	0	0	1	0	0	0	0	1	0	0	0	0	1

配合:		0


12	2
M22螺母-18
安装鱼尾板
没有标记
sound\渡轮栈桥拼组.12.mp3

安装短轨鱼尾板。

起始状态: 隐藏		终止状态: 显示		移动节点: 1
1000	1	0	0	0	0	1	0	0	0	0	1	0	0	0	0.15	1
1000	1	0	0	0	0	1	0	0	0	0	1	0	0	0	0	1

配合:		0


12	2
垫圈M22-21
安装鱼尾板
没有标记
sound\渡轮栈桥拼组.12.mp3

安装短轨鱼尾板。

起始状态: 隐藏		终止状态: 显示		移动节点: 1
1000	1	0	0	0	0	1	0	0	0	0	1	0	-0.15	0	0	1
1000	1	0	0	0	0	1	0	0	0	0	1	0	0	0	0	1

配合:		0


12	2
M22x150-20
安装鱼尾板
没有标记
sound\渡轮栈桥拼组.12.mp3

安装短轨鱼尾板。

起始状态: 隐藏		终止状态: 显示		移动节点: 1
1000	1	0	0	0	0	1	0	0	0	0	1	0	-0.15	0	0	1
1000	1	0	0	0	0	1	0	0	0	0	1	0	0	0	0	1

配合:		0


12	2
垫圈M22-4
安装鱼尾板
没有标记
sound\渡轮栈桥拼组.12.mp3

安装短轨鱼尾板。

起始状态: 隐藏		终止状态: 显示		移动节点: 1
1000	1	0	0	0	0	1	0	0	0	0	1	0	-0.15	0	0	1
1000	1	0	0	0	0	1	0	0	0	0	1	0	0	0	0	1

配合:		0


12	2
M22x150-24
安装鱼尾板
没有标记
sound\渡轮栈桥拼组.12.mp3

安装短轨鱼尾板。

起始状态: 隐藏		终止状态: 显示		移动节点: 1
1000	1	0	0	0	0	1	0	0	0	0	1	0	-0.15	0	0	1
1000	1	0	0	0	0	1	0	0	0	0	1	0	0	0	0	1

配合:		0


12	2
M22螺母-19
安装鱼尾板
没有标记
sound\渡轮栈桥拼组.12.mp3

安装短轨鱼尾板。

起始状态: 隐藏		终止状态: 显示		移动节点: 1
1000	1	0	0	0	0	1	0	0	0	0	1	0	0	0	0.15	1
1000	1	0	0	0	0	1	0	0	0	0	1	0	0	0	0	1

配合:		0


12	2
M22螺母-12
安装鱼尾板
没有标记
sound\渡轮栈桥拼组.12.mp3

安装短轨鱼尾板。

起始状态: 隐藏		终止状态: 显示		移动节点: 1
1000	1	0	0	0	0	1	0	0	0	0	1	0	0	0	0.15	1
1000	1	0	0	0	0	1	0	0	0	0	1	0	0	0	0	1

配合:		0


12	2
M22螺母-21
安装鱼尾板
没有标记
sound\渡轮栈桥拼组.12.mp3

安装短轨鱼尾板。

起始状态: 隐藏		终止状态: 显示		移动节点: 1
1000	1	0	0	0	0	1	0	0	0	0	1	0	0	0	0.15	1
1000	1	0	0	0	0	1	0	0	0	0	1	0	0	0	0	1

配合:		0


12	2
M22螺母-22
安装鱼尾板
没有标记
sound\渡轮栈桥拼组.12.mp3

安装短轨鱼尾板。

起始状态: 隐藏		终止状态: 显示		移动节点: 1
1000	1	0	0	0	0	1	0	0	0	0	1	0	0	0	0.15	1
1000	1	0	0	0	0	1	0	0	0	0	1	0	0	0	0	1

配合:		0


12	2
M22螺母-11
安装鱼尾板
没有标记
sound\渡轮栈桥拼组.12.mp3

安装短轨鱼尾板。

起始状态: 隐藏		终止状态: 显示		移动节点: 1
1000	1	0	0	0	0	1	0	0	0	0	1	0	0	0	0.15	1
1000	1	0	0	0	0	1	0	0	0	0	1	0	0	0	0	1

配合:		0


12	2
垫圈M22-20
安装鱼尾板
没有标记
sound\渡轮栈桥拼组.12.mp3

安装短轨鱼尾板。

起始状态: 隐藏		终止状态: 显示		移动节点: 1
1000	1	0	0	0	0	1	0	0	0	0	1	0	-0.15	0	0	1
1000	1	0	0	0	0	1	0	0	0	0	1	0	0	0	0	1

配合:		0


12	2
M22x150-22
安装鱼尾板
没有标记
sound\渡轮栈桥拼组.12.mp3

安装短轨鱼尾板。

起始状态: 隐藏		终止状态: 显示		移动节点: 1
1000	1	0	0	0	0	1	0	0	0	0	1	0	-0.15	0	0	1
1000	1	0	0	0	0	1	0	0	0	0	1	0	0	0	0	1

配合:		0


