1	1
三号固定墩-2
栈桥墩调整就位
没有标记
sound\栈桥架设拼组.1.mp3

检查调整三号固定墩，二号升降墩，一号升降墩。

起始状态: 隐藏		终止状态: 显示		移动节点: 1
1500	1	0	0	0	0	1	0	0	0	0	1	0	0	1.5	0	1
1000	1	0	0	0	0	1	0	0	0	0	1	0	0	0	0	1

配合:		0


1	2
二号升降墩-1
栈桥墩调整就位
没有标记
sound\栈桥架设拼组.1.mp3

检查调整三号固定墩，二号升降墩，一号升降墩。

起始状态: 隐藏		终止状态: 显示		移动节点: 1
1500	1	0	0	0	0	1	0	0	0	0	1	0	0	1.5	0	1
1000	1	0	0	0	0	1	0	0	0	0	1	0	0	0	0	1

配合:		0


1	3
一号升降墩-1
栈桥墩调整就位
没有标记
sound\栈桥架设拼组.1.mp3

检查调整三号固定墩，二号升降墩，一号升降墩。

起始状态: 隐藏		终止状态: 显示		移动节点: 1
1500	1	0	0	0	0	1	0	0	0	0	1	0	0	1.5	0	1
1000	1	0	0	0	0	1	0	0	0	0	1	0	0	0	0	1

配合:		0


2	1
固定墩活动支座垫块之一-1
固定墩顶端安装支座底座
没有标记
sound\栈桥架设拼组.2.mp3

在固定墩顶端安装支座底座。

起始状态: 隐藏		终止状态: 显示		移动节点: 1
1500	1	0	0	0	0	1	0	0	0	0	1	0	0	0	0.5	1
1000	1	0	0	0	0	1	0	0	0	0	1	0	0	0	0	1

配合:		0


2	1
固定墩活动支座垫块之一-2
固定墩顶端安装支座底座
没有标记
sound\栈桥架设拼组.2.mp3

在固定墩顶端安装支座底座。

起始状态: 隐藏		终止状态: 显示		移动节点: 1
1500	1	0	0	0	0	1	0	0	0	0	1	0	0	0	0.5	1
1000	1	0	0	0	0	1	0	0	0	0	1	0	0	0	0	1

配合:		0


2	2
垫圈M22-28
固定墩顶端安装支座底座
没有标记
sound\栈桥架设拼组.2.mp3

在固定墩顶端安装支座底座。

起始状态: 隐藏		终止状态: 显示		移动节点: 1
1000	1	0	0	0	0	1	0	0	0	0	1	0	-0.2	0	0	1
1000	1	0	0	0	0	1	0	0	0	0	1	0	0	0	0	1

配合:		0


2	2
垫圈M22-15
固定墩顶端安装支座底座
没有标记
sound\栈桥架设拼组.2.mp3

在固定墩顶端安装支座底座。

起始状态: 隐藏		终止状态: 显示		移动节点: 1
1000	1	0	0	0	0	1	0	0	0	0	1	0	-0.1	0	0	1
1000	1	0	0	0	0	1	0	0	0	0	1	0	0	0	0	1

配合:		0


2	2
垫圈M22-5
固定墩顶端安装支座底座
没有标记
sound\栈桥架设拼组.2.mp3

在固定墩顶端安装支座底座。

起始状态: 隐藏		终止状态: 显示		移动节点: 1
1000	1	0	0	0	0	1	0	0	0	0	1	0	-0.1	0	0	1
1000	1	0	0	0	0	1	0	0	0	0	1	0	0	0	0	1

配合:		0


2	2
M22x60-16
固定墩顶端安装支座底座
没有标记
sound\栈桥架设拼组.2.mp3

在固定墩顶端安装支座底座。

起始状态: 隐藏		终止状态: 显示		移动节点: 1
1000	1	0	0	0	0	1	0	0	0	0	1	0	-0.1	0	0	1
1000	1	0	0	0	0	1	0	0	0	0	1	0	0	0	0	1

配合:		0


2	2
M22螺母-3
固定墩顶端安装支座底座
没有标记
sound\栈桥架设拼组.2.mp3

在固定墩顶端安装支座底座。

起始状态: 隐藏		终止状态: 显示		移动节点: 1
1000	1	0	0	0	0	1	0	0	0	0	1	0	0	0	0.1	1
1000	1	0	0	0	0	1	0	0	0	0	1	0	0	0	0	1

配合:		0


2	2
垫圈M22-18
固定墩顶端安装支座底座
没有标记
sound\栈桥架设拼组.2.mp3

在固定墩顶端安装支座底座。

起始状态: 隐藏		终止状态: 显示		移动节点: 1
1000	1	0	0	0	0	1	0	0	0	0	1	0	-0.2	0	0	1
1000	1	0	0	0	0	1	0	0	0	0	1	0	0	0	0	1

配合:		0


2	2
M22x60-20
固定墩顶端安装支座底座
没有标记
sound\栈桥架设拼组.2.mp3

在固定墩顶端安装支座底座。

起始状态: 隐藏		终止状态: 显示		移动节点: 1
1000	1	0	0	0	0	1	0	0	0	0	1	0	-0.15	0	0	1
1000	1	0	0	0	0	1	0	0	0	0	1	0	0	0	0	1

配合:		0


2	2
M22x60-7
固定墩顶端安装支座底座
没有标记
sound\栈桥架设拼组.2.mp3

在固定墩顶端安装支座底座。

起始状态: 隐藏		终止状态: 显示		移动节点: 1
1000	1	0	0	0	0	1	0	0	0	0	1	0	-0.1	0	0	1
1000	1	0	0	0	0	1	0	0	0	0	1	0	0	0	0	1

配合:		0


2	2
M22x60-24
固定墩顶端安装支座底座
没有标记
sound\栈桥架设拼组.2.mp3

在固定墩顶端安装支座底座。

起始状态: 隐藏		终止状态: 显示		移动节点: 1
1000	1	0	0	0	0	1	0	0	0	0	1	0	-0.15	0	0	1
1000	1	0	0	0	0	1	0	0	0	0	1	0	0	0	0	1

配合:		0


2	2
垫圈M22-8
固定墩顶端安装支座底座
没有标记
sound\栈桥架设拼组.2.mp3

在固定墩顶端安装支座底座。

起始状态: 隐藏		终止状态: 显示		移动节点: 1
1000	1	0	0	0	0	1	0	0	0	0	1	0	-0.1	0	0	1
1000	1	0	0	0	0	1	0	0	0	0	1	0	0	0	0	1

配合:		0


2	2
M22螺母-27
固定墩顶端安装支座底座
没有标记
sound\栈桥架设拼组.2.mp3

在固定墩顶端安装支座底座。

起始状态: 隐藏		终止状态: 显示		移动节点: 1
1000	1	0	0	0	0	1	0	0	0	0	1	0	0	0	0.2	1
1000	1	0	0	0	0	1	0	0	0	0	1	0	0	0	0	1

配合:		0


2	2
M22螺母-9
固定墩顶端安装支座底座
没有标记
sound\栈桥架设拼组.2.mp3

在固定墩顶端安装支座底座。

起始状态: 隐藏		终止状态: 显示		移动节点: 1
1000	1	0	0	0	0	1	0	0	0	0	1	0	0	0	0.1	1
1000	1	0	0	0	0	1	0	0	0	0	1	0	0	0	0	1

配合:		0


2	2
M22x60-22
固定墩顶端安装支座底座
没有标记
sound\栈桥架设拼组.2.mp3

在固定墩顶端安装支座底座。

起始状态: 隐藏		终止状态: 显示		移动节点: 1
1000	1	0	0	0	0	1	0	0	0	0	1	0	-0.15	0	0	1
1000	1	0	0	0	0	1	0	0	0	0	1	0	0	0	0	1

配合:		0


2	2
M22x60-17
固定墩顶端安装支座底座
没有标记
sound\栈桥架设拼组.2.mp3

在固定墩顶端安装支座底座。

起始状态: 隐藏		终止状态: 显示		移动节点: 1
1000	1	0	0	0	0	1	0	0	0	0	1	0	-0.15	0	0	1
1000	1	0	0	0	0	1	0	0	0	0	1	0	0	0	0	1

配合:		0


2	2
M22x60-13
固定墩顶端安装支座底座
没有标记
sound\栈桥架设拼组.2.mp3

在固定墩顶端安装支座底座。

起始状态: 隐藏		终止状态: 显示		移动节点: 1
1000	1	0	0	0	0	1	0	0	0	0	1	0	-0.1	0	0	1
1000	1	0	0	0	0	1	0	0	0	0	1	0	0	0	0	1

配合:		0


2	2
M22螺母-17
固定墩顶端安装支座底座
没有标记
sound\栈桥架设拼组.2.mp3

在固定墩顶端安装支座底座。

起始状态: 隐藏		终止状态: 显示		移动节点: 1
1000	1	0	0	0	0	1	0	0	0	0	1	0	0	0	0.2	1
1000	1	0	0	0	0	1	0	0	0	0	1	0	0	0	0	1

配合:		0


2	2
垫圈M22-19
固定墩顶端安装支座底座
没有标记
sound\栈桥架设拼组.2.mp3

在固定墩顶端安装支座底座。

起始状态: 隐藏		终止状态: 显示		移动节点: 1
1000	1	0	0	0	0	1	0	0	0	0	1	0	-0.2	0	0	1
1000	1	0	0	0	0	1	0	0	0	0	1	0	0	0	0	1

配合:		0


2	2
M22x60-10
固定墩顶端安装支座底座
没有标记
sound\栈桥架设拼组.2.mp3

在固定墩顶端安装支座底座。

起始状态: 隐藏		终止状态: 显示		移动节点: 1
1000	1	0	0	0	0	1	0	0	0	0	1	0	-0.1	0	0	1
1000	1	0	0	0	0	1	0	0	0	0	1	0	0	0	0	1

配合:		0


2	2
M22x60-2
固定墩顶端安装支座底座
没有标记
sound\栈桥架设拼组.2.mp3

在固定墩顶端安装支座底座。

起始状态: 隐藏		终止状态: 显示		移动节点: 1
1000	1	0	0	0	0	1	0	0	0	0	1	0	-0.1	0	0	1
1000	1	0	0	0	0	1	0	0	0	0	1	0	0	0	0	1

配合:		0


2	2
垫圈M22-22
固定墩顶端安装支座底座
没有标记
sound\栈桥架设拼组.2.mp3

在固定墩顶端安装支座底座。

起始状态: 隐藏		终止状态: 显示		移动节点: 1
1000	1	0	0	0	0	1	0	0	0	0	1	0	-0.2	0	0	1
1000	1	0	0	0	0	1	0	0	0	0	1	0	0	0	0	1

配合:		0


2	2
垫圈M22-1
固定墩顶端安装支座底座
没有标记
sound\栈桥架设拼组.2.mp3

在固定墩顶端安装支座底座。

起始状态: 隐藏		终止状态: 显示		移动节点: 1
1000	1	0	0	0	0	1	0	0	0	0	1	0	-0.1	0	0	1
1000	1	0	0	0	0	1	0	0	0	0	1	0	0	0	0	1

配合:		0


2	2
M22x60-8
固定墩顶端安装支座底座
没有标记
sound\栈桥架设拼组.2.mp3

在固定墩顶端安装支座底座。

起始状态: 隐藏		终止状态: 显示		移动节点: 1
1000	1	0	0	0	0	1	0	0	0	0	1	0	-0.1	0	0	1
1000	1	0	0	0	0	1	0	0	0	0	1	0	0	0	0	1

配合:		0


2	2
M22x60-19
固定墩顶端安装支座底座
没有标记
sound\栈桥架设拼组.2.mp3

在固定墩顶端安装支座底座。

起始状态: 隐藏		终止状态: 显示		移动节点: 1
1000	1	0	0	0	0	1	0	0	0	0	1	0	-0.15	0	0	1
1000	1	0	0	0	0	1	0	0	0	0	1	0	0	0	0	1

配合:		0


2	2
M22螺母-11
固定墩顶端安装支座底座
没有标记
sound\栈桥架设拼组.2.mp3

在固定墩顶端安装支座底座。

起始状态: 隐藏		终止状态: 显示		移动节点: 1
1000	1	0	0	0	0	1	0	0	0	0	1	0	0	0	0.1	1
1000	1	0	0	0	0	1	0	0	0	0	1	0	0	0	0	1

配合:		0


2	2
M22螺母-5
固定墩顶端安装支座底座
没有标记
sound\栈桥架设拼组.2.mp3

在固定墩顶端安装支座底座。

起始状态: 隐藏		终止状态: 显示		移动节点: 1
1000	1	0	0	0	0	1	0	0	0	0	1	0	0	0	0.1	1
1000	1	0	0	0	0	1	0	0	0	0	1	0	0	0	0	1

配合:		0


2	2
垫圈M22-2
固定墩顶端安装支座底座
没有标记
sound\栈桥架设拼组.2.mp3

在固定墩顶端安装支座底座。

起始状态: 隐藏		终止状态: 显示		移动节点: 1
1000	1	0	0	0	0	1	0	0	0	0	1	0	-0.1	0	0	1
1000	1	0	0	0	0	1	0	0	0	0	1	0	0	0	0	1

配合:		0


2	2
M22x60-21
固定墩顶端安装支座底座
没有标记
sound\栈桥架设拼组.2.mp3

在固定墩顶端安装支座底座。

起始状态: 隐藏		终止状态: 显示		移动节点: 1
1000	1	0	0	0	0	1	0	0	0	0	1	0	-0.15	0	0	1
1000	1	0	0	0	0	1	0	0	0	0	1	0	0	0	0	1

配合:		0


2	2
M22螺母-23
固定墩顶端安装支座底座
没有标记
sound\栈桥架设拼组.2.mp3

在固定墩顶端安装支座底座。

起始状态: 隐藏		终止状态: 显示		移动节点: 1
1000	1	0	0	0	0	1	0	0	0	0	1	0	0	0	0.2	1
1000	1	0	0	0	0	1	0	0	0	0	1	0	0	0	0	1

配合:		0


2	2
垫圈M22-13
固定墩顶端安装支座底座
没有标记
sound\栈桥架设拼组.2.mp3

在固定墩顶端安装支座底座。

起始状态: 隐藏		终止状态: 显示		移动节点: 1
1000	1	0	0	0	0	1	0	0	0	0	1	0	-0.1	0	0	1
1000	1	0	0	0	0	1	0	0	0	0	1	0	0	0	0	1

配合:		0


2	2
M22螺母-15
固定墩顶端安装支座底座
没有标记
sound\栈桥架设拼组.2.mp3

在固定墩顶端安装支座底座。

起始状态: 隐藏		终止状态: 显示		移动节点: 1
1000	1	0	0	0	0	1	0	0	0	0	1	0	0	0	0.1	1
1000	1	0	0	0	0	1	0	0	0	0	1	0	0	0	0	1

配合:		0


2	2
M22x60-1
固定墩顶端安装支座底座
没有标记
sound\栈桥架设拼组.2.mp3

在固定墩顶端安装支座底座。

起始状态: 隐藏		终止状态: 显示		移动节点: 1
1000	1	0	0	0	0	1	0	0	0	0	1	0	-0.1	0	0	1
1000	1	0	0	0	0	1	0	0	0	0	1	0	0	0	0	1

配合:		0


2	2
垫圈M22-21
固定墩顶端安装支座底座
没有标记
sound\栈桥架设拼组.2.mp3

在固定墩顶端安装支座底座。

起始状态: 隐藏		终止状态: 显示		移动节点: 1
1000	1	0	0	0	0	1	0	0	0	0	1	0	-0.2	0	0	1
1000	1	0	0	0	0	1	0	0	0	0	1	0	0	0	0	1

配合:		0


2	2
M22螺母-25
固定墩顶端安装支座底座
没有标记
sound\栈桥架设拼组.2.mp3

在固定墩顶端安装支座底座。

起始状态: 隐藏		终止状态: 显示		移动节点: 1
1000	1	0	0	0	0	1	0	0	0	0	1	0	0	0	0.2	1
1000	1	0	0	0	0	1	0	0	0	0	1	0	0	0	0	1

配合:		0


2	2
垫圈M22-16
固定墩顶端安装支座底座
没有标记
sound\栈桥架设拼组.2.mp3

在固定墩顶端安装支座底座。

起始状态: 隐藏		终止状态: 显示		移动节点: 1
1000	1	0	0	0	0	1	0	0	0	0	1	0	-0.1	0	0	1
1000	1	0	0	0	0	1	0	0	0	0	1	0	0	0	0	1

配合:		0


2	2
M22x60-5
固定墩顶端安装支座底座
没有标记
sound\栈桥架设拼组.2.mp3

在固定墩顶端安装支座底座。

起始状态: 隐藏		终止状态: 显示		移动节点: 1
1000	1	0	0	0	0	1	0	0	0	0	1	0	-0.1	0	0	1
1000	1	0	0	0	0	1	0	0	0	0	1	0	0	0	0	1

配合:		0


2	2
M22x60-15
固定墩顶端安装支座底座
没有标记
sound\栈桥架设拼组.2.mp3

在固定墩顶端安装支座底座。

起始状态: 隐藏		终止状态: 显示		移动节点: 1
1000	1	0	0	0	0	1	0	0	0	0	1	0	-0.1	0	0	1
1000	1	0	0	0	0	1	0	0	0	0	1	0	0	0	0	1

配合:		0


2	2
M22x60-28
固定墩顶端安装支座底座
没有标记
sound\栈桥架设拼组.2.mp3

在固定墩顶端安装支座底座。

起始状态: 隐藏		终止状态: 显示		移动节点: 1
1000	1	0	0	0	0	1	0	0	0	0	1	0	-0.15	0	0	1
1000	1	0	0	0	0	1	0	0	0	0	1	0	0	0	0	1

配合:		0


2	2
M22x60-3
固定墩顶端安装支座底座
没有标记
sound\栈桥架设拼组.2.mp3

在固定墩顶端安装支座底座。

起始状态: 隐藏		终止状态: 显示		移动节点: 1
1000	1	0	0	0	0	1	0	0	0	0	1	0	-0.1	0	0	1
1000	1	0	0	0	0	1	0	0	0	0	1	0	0	0	0	1

配合:		0


2	2
M22x60-26
固定墩顶端安装支座底座
没有标记
sound\栈桥架设拼组.2.mp3

在固定墩顶端安装支座底座。

起始状态: 隐藏		终止状态: 显示		移动节点: 1
1000	1	0	0	0	0	1	0	0	0	0	1	0	-0.15	0	0	1
1000	1	0	0	0	0	1	0	0	0	0	1	0	0	0	0	1

配合:		0


2	2
垫圈M22-25
固定墩顶端安装支座底座
没有标记
sound\栈桥架设拼组.2.mp3

在固定墩顶端安装支座底座。

起始状态: 隐藏		终止状态: 显示		移动节点: 1
1000	1	0	0	0	0	1	0	0	0	0	1	0	-0.2	0	0	1
1000	1	0	0	0	0	1	0	0	0	0	1	0	0	0	0	1

配合:		0


2	2
垫圈M22-24
固定墩顶端安装支座底座
没有标记
sound\栈桥架设拼组.2.mp3

在固定墩顶端安装支座底座。

起始状态: 隐藏		终止状态: 显示		移动节点: 1
1000	1	0	0	0	0	1	0	0	0	0	1	0	-0.2	0	0	1
1000	1	0	0	0	0	1	0	0	0	0	1	0	0	0	0	1

配合:		0


2	2
M22x60-4
固定墩顶端安装支座底座
没有标记
sound\栈桥架设拼组.2.mp3

在固定墩顶端安装支座底座。

起始状态: 隐藏		终止状态: 显示		移动节点: 1
1000	1	0	0	0	0	1	0	0	0	0	1	0	-0.1	0	0	1
1000	1	0	0	0	0	1	0	0	0	0	1	0	0	0	0	1

配合:		0


2	2
M22螺母-7
固定墩顶端安装支座底座
没有标记
sound\栈桥架设拼组.2.mp3

在固定墩顶端安装支座底座。

起始状态: 隐藏		终止状态: 显示		移动节点: 1
1000	1	0	0	0	0	1	0	0	0	0	1	0	0	0	0.1	1
1000	1	0	0	0	0	1	0	0	0	0	1	0	0	0	0	1

配合:		0


2	2
垫圈M22-14
固定墩顶端安装支座底座
没有标记
sound\栈桥架设拼组.2.mp3

在固定墩顶端安装支座底座。

起始状态: 隐藏		终止状态: 显示		移动节点: 1
1000	1	0	0	0	0	1	0	0	0	0	1	0	-0.1	0	0	1
1000	1	0	0	0	0	1	0	0	0	0	1	0	0	0	0	1

配合:		0


2	2
M22螺母-20
固定墩顶端安装支座底座
没有标记
sound\栈桥架设拼组.2.mp3

在固定墩顶端安装支座底座。

起始状态: 隐藏		终止状态: 显示		移动节点: 1
1000	1	0	0	0	0	1	0	0	0	0	1	0	0	0	0.2	1
1000	1	0	0	0	0	1	0	0	0	0	1	0	0	0	0	1

配合:		0


2	2
M22螺母-22
固定墩顶端安装支座底座
没有标记
sound\栈桥架设拼组.2.mp3

在固定墩顶端安装支座底座。

起始状态: 隐藏		终止状态: 显示		移动节点: 1
1000	1	0	0	0	0	1	0	0	0	0	1	0	0	0	0.2	1
1000	1	0	0	0	0	1	0	0	0	0	1	0	0	0	0	1

配合:		0


2	2
垫圈M22-6
固定墩顶端安装支座底座
没有标记
sound\栈桥架设拼组.2.mp3

在固定墩顶端安装支座底座。

起始状态: 隐藏		终止状态: 显示		移动节点: 1
1000	1	0	0	0	0	1	0	0	0	0	1	0	-0.1	0	0	1
1000	1	0	0	0	0	1	0	0	0	0	1	0	0	0	0	1

配合:		0


2	2
M22螺母-18
固定墩顶端安装支座底座
没有标记
sound\栈桥架设拼组.2.mp3

在固定墩顶端安装支座底座。

起始状态: 隐藏		终止状态: 显示		移动节点: 1
1000	1	0	0	0	0	1	0	0	0	0	1	0	0	0	0.2	1
1000	1	0	0	0	0	1	0	0	0	0	1	0	0	0	0	1

配合:		0


2	2
M22螺母-8
固定墩顶端安装支座底座
没有标记
sound\栈桥架设拼组.2.mp3

在固定墩顶端安装支座底座。

起始状态: 隐藏		终止状态: 显示		移动节点: 1
1000	1	0	0	0	0	1	0	0	0	0	1	0	0	0	0.1	1
1000	1	0	0	0	0	1	0	0	0	0	1	0	0	0	0	1

配合:		0


2	2
M22螺母-4
固定墩顶端安装支座底座
没有标记
sound\栈桥架设拼组.2.mp3

在固定墩顶端安装支座底座。

起始状态: 隐藏		终止状态: 显示		移动节点: 1
1000	1	0	0	0	0	1	0	0	0	0	1	0	0	0	0.1	1
1000	1	0	0	0	0	1	0	0	0	0	1	0	0	0	0	1

配合:		0


2	2
M22螺母-6
固定墩顶端安装支座底座
没有标记
sound\栈桥架设拼组.2.mp3

在固定墩顶端安装支座底座。

起始状态: 隐藏		终止状态: 显示		移动节点: 1
1000	1	0	0	0	0	1	0	0	0	0	1	0	0	0	0.1	1
1000	1	0	0	0	0	1	0	0	0	0	1	0	0	0	0	1

配合:		0


2	2
M22x60-6
固定墩顶端安装支座底座
没有标记
sound\栈桥架设拼组.2.mp3

在固定墩顶端安装支座底座。

起始状态: 隐藏		终止状态: 显示		移动节点: 1
1000	1	0	0	0	0	1	0	0	0	0	1	0	-0.1	0	0	1
1000	1	0	0	0	0	1	0	0	0	0	1	0	0	0	0	1

配合:		0


2	2
垫圈M22-27
固定墩顶端安装支座底座
没有标记
sound\栈桥架设拼组.2.mp3

在固定墩顶端安装支座底座。

起始状态: 隐藏		终止状态: 显示		移动节点: 1
1000	1	0	0	0	0	1	0	0	0	0	1	0	-0.2	0	0	1
1000	1	0	0	0	0	1	0	0	0	0	1	0	0	0	0	1

配合:		0


2	2
垫圈M22-17
固定墩顶端安装支座底座
没有标记
sound\栈桥架设拼组.2.mp3

在固定墩顶端安装支座底座。

起始状态: 隐藏		终止状态: 显示		移动节点: 1
1000	1	0	0	0	0	1	0	0	0	0	1	0	-0.2	0	0	1
1000	1	0	0	0	0	1	0	0	0	0	1	0	0	0	0	1

配合:		0


2	2
M22螺母-1
固定墩顶端安装支座底座
没有标记
sound\栈桥架设拼组.2.mp3

在固定墩顶端安装支座底座。

起始状态: 隐藏		终止状态: 显示		移动节点: 1
1000	1	0	0	0	0	1	0	0	0	0	1	0	0	0	0.1	1
1000	1	0	0	0	0	1	0	0	0	0	1	0	0	0	0	1

配合:		0


2	2
M22螺母-21
固定墩顶端安装支座底座
没有标记
sound\栈桥架设拼组.2.mp3

在固定墩顶端安装支座底座。

起始状态: 隐藏		终止状态: 显示		移动节点: 1
1000	1	0	0	0	0	1	0	0	0	0	1	0	0	0	0.2	1
1000	1	0	0	0	0	1	0	0	0	0	1	0	0	0	0	1

配合:		0


2	2
垫圈M22-7
固定墩顶端安装支座底座
没有标记
sound\栈桥架设拼组.2.mp3

在固定墩顶端安装支座底座。

起始状态: 隐藏		终止状态: 显示		移动节点: 1
1000	1	0	0	0	0	1	0	0	0	0	1	0	-0.1	0	0	1
1000	1	0	0	0	0	1	0	0	0	0	1	0	0	0	0	1

配合:		0


2	2
垫圈M22-12
固定墩顶端安装支座底座
没有标记
sound\栈桥架设拼组.2.mp3

在固定墩顶端安装支座底座。

起始状态: 隐藏		终止状态: 显示		移动节点: 1
1000	1	0	0	0	0	1	0	0	0	0	1	0	-0.1	0	0	1
1000	1	0	0	0	0	1	0	0	0	0	1	0	0	0	0	1

配合:		0


2	2
垫圈M22-10
固定墩顶端安装支座底座
没有标记
sound\栈桥架设拼组.2.mp3

在固定墩顶端安装支座底座。

起始状态: 隐藏		终止状态: 显示		移动节点: 1
1000	1	0	0	0	0	1	0	0	0	0	1	0	-0.1	0	0	1
1000	1	0	0	0	0	1	0	0	0	0	1	0	0	0	0	1

配合:		0


2	2
M22螺母-12
固定墩顶端安装支座底座
没有标记
sound\栈桥架设拼组.2.mp3

在固定墩顶端安装支座底座。

起始状态: 隐藏		终止状态: 显示		移动节点: 1
1000	1	0	0	0	0	1	0	0	0	0	1	0	0	0	0.1	1
1000	1	0	0	0	0	1	0	0	0	0	1	0	0	0	0	1

配合:		0


2	2
M22x60-14
固定墩顶端安装支座底座
没有标记
sound\栈桥架设拼组.2.mp3

在固定墩顶端安装支座底座。

起始状态: 隐藏		终止状态: 显示		移动节点: 1
1000	1	0	0	0	0	1	0	0	0	0	1	0	-0.1	0	0	1
1000	1	0	0	0	0	1	0	0	0	0	1	0	0	0	0	1

配合:		0


2	2
M22x60-23
固定墩顶端安装支座底座
没有标记
sound\栈桥架设拼组.2.mp3

在固定墩顶端安装支座底座。

起始状态: 隐藏		终止状态: 显示		移动节点: 1
1000	1	0	0	0	0	1	0	0	0	0	1	0	-0.15	0	0	1
1000	1	0	0	0	0	1	0	0	0	0	1	0	0	0	0	1

配合:		0


2	2
垫圈M22-23
固定墩顶端安装支座底座
没有标记
sound\栈桥架设拼组.2.mp3

在固定墩顶端安装支座底座。

起始状态: 隐藏		终止状态: 显示		移动节点: 1
1000	1	0	0	0	0	1	0	0	0	0	1	0	-0.2	0	0	1
1000	1	0	0	0	0	1	0	0	0	0	1	0	0	0	0	1

配合:		0


2	2
M22螺母-13
固定墩顶端安装支座底座
没有标记
sound\栈桥架设拼组.2.mp3

在固定墩顶端安装支座底座。

起始状态: 隐藏		终止状态: 显示		移动节点: 1
1000	1	0	0	0	0	1	0	0	0	0	1	0	0	0	0.1	1
1000	1	0	0	0	0	1	0	0	0	0	1	0	0	0	0	1

配合:		0


2	2
垫圈M22-3
固定墩顶端安装支座底座
没有标记
sound\栈桥架设拼组.2.mp3

在固定墩顶端安装支座底座。

起始状态: 隐藏		终止状态: 显示		移动节点: 1
1000	1	0	0	0	0	1	0	0	0	0	1	0	-0.1	0	0	1
1000	1	0	0	0	0	1	0	0	0	0	1	0	0	0	0	1

配合:		0


2	2
M22螺母-26
固定墩顶端安装支座底座
没有标记
sound\栈桥架设拼组.2.mp3

在固定墩顶端安装支座底座。

起始状态: 隐藏		终止状态: 显示		移动节点: 1
1000	1	0	0	0	0	1	0	0	0	0	1	0	0	0	0.2	1
1000	1	0	0	0	0	1	0	0	0	0	1	0	0	0	0	1

配合:		0


2	2
垫圈M22-4
固定墩顶端安装支座底座
没有标记
sound\栈桥架设拼组.2.mp3

在固定墩顶端安装支座底座。

起始状态: 隐藏		终止状态: 显示		移动节点: 1
1000	1	0	0	0	0	1	0	0	0	0	1	0	-0.1	0	0	1
1000	1	0	0	0	0	1	0	0	0	0	1	0	0	0	0	1

配合:		0


2	2
M22螺母-2
固定墩顶端安装支座底座
没有标记
sound\栈桥架设拼组.2.mp3

在固定墩顶端安装支座底座。

起始状态: 隐藏		终止状态: 显示		移动节点: 1
1000	1	0	0	0	0	1	0	0	0	0	1	0	0	0	0.1	1
1000	1	0	0	0	0	1	0	0	0	0	1	0	0	0	0	1

配合:		0


2	2
M22x60-9
固定墩顶端安装支座底座
没有标记
sound\栈桥架设拼组.2.mp3

在固定墩顶端安装支座底座。

起始状态: 隐藏		终止状态: 显示		移动节点: 1
1000	1	0	0	0	0	1	0	0	0	0	1	0	-0.1	0	0	1
1000	1	0	0	0	0	1	0	0	0	0	1	0	0	0	0	1

配合:		0


2	2
M22螺母-16
固定墩顶端安装支座底座
没有标记
sound\栈桥架设拼组.2.mp3

在固定墩顶端安装支座底座。

起始状态: 隐藏		终止状态: 显示		移动节点: 1
1000	1	0	0	0	0	1	0	0	0	0	1	0	0	0	0.1	1
1000	1	0	0	0	0	1	0	0	0	0	1	0	0	0	0	1

配合:		0


2	2
M22螺母-10
固定墩顶端安装支座底座
没有标记
sound\栈桥架设拼组.2.mp3

在固定墩顶端安装支座底座。

起始状态: 隐藏		终止状态: 显示		移动节点: 1
1000	1	0	0	0	0	1	0	0	0	0	1	0	0	0	0.1	1
1000	1	0	0	0	0	1	0	0	0	0	1	0	0	0	0	1

配合:		0


2	2
M22x60-27
固定墩顶端安装支座底座
没有标记
sound\栈桥架设拼组.2.mp3

在固定墩顶端安装支座底座。

起始状态: 隐藏		终止状态: 显示		移动节点: 1
1000	1	0	0	0	0	1	0	0	0	0	1	0	-0.15	0	0	1
1000	1	0	0	0	0	1	0	0	0	0	1	0	0	0	0	1

配合:		0


2	2
垫圈M22-26
固定墩顶端安装支座底座
没有标记
sound\栈桥架设拼组.2.mp3

在固定墩顶端安装支座底座。

起始状态: 隐藏		终止状态: 显示		移动节点: 1
1000	1	0	0	0	0	1	0	0	0	0	1	0	-0.2	0	0	1
1000	1	0	0	0	0	1	0	0	0	0	1	0	0	0	0	1

配合:		0


2	2
M22螺母-14
固定墩顶端安装支座底座
没有标记
sound\栈桥架设拼组.2.mp3

在固定墩顶端安装支座底座。

起始状态: 隐藏		终止状态: 显示		移动节点: 1
1000	1	0	0	0	0	1	0	0	0	0	1	0	0	0	0.1	1
1000	1	0	0	0	0	1	0	0	0	0	1	0	0	0	0	1

配合:		0


2	2
M22螺母-19
固定墩顶端安装支座底座
没有标记
sound\栈桥架设拼组.2.mp3

在固定墩顶端安装支座底座。

起始状态: 隐藏		终止状态: 显示		移动节点: 1
1000	1	0	0	0	0	1	0	0	0	0	1	0	0	0	0.2	1
1000	1	0	0	0	0	1	0	0	0	0	1	0	0	0	0	1

配合:		0


2	2
M22x60-25
固定墩顶端安装支座底座
没有标记
sound\栈桥架设拼组.2.mp3

在固定墩顶端安装支座底座。

起始状态: 隐藏		终止状态: 显示		移动节点: 1
1000	1	0	0	0	0	1	0	0	0	0	1	0	-0.15	0	0	1
1000	1	0	0	0	0	1	0	0	0	0	1	0	0	0	0	1

配合:		0


2	2
垫圈M22-11
固定墩顶端安装支座底座
没有标记
sound\栈桥架设拼组.2.mp3

在固定墩顶端安装支座底座。

起始状态: 隐藏		终止状态: 显示		移动节点: 1
1000	1	0	0	0	0	1	0	0	0	0	1	0	-0.1	0	0	1
1000	1	0	0	0	0	1	0	0	0	0	1	0	0	0	0	1

配合:		0


2	2
M22螺母-24
固定墩顶端安装支座底座
没有标记
sound\栈桥架设拼组.2.mp3

在固定墩顶端安装支座底座。

起始状态: 隐藏		终止状态: 显示		移动节点: 1
1000	1	0	0	0	0	1	0	0	0	0	1	0	0	0	0.2	1
1000	1	0	0	0	0	1	0	0	0	0	1	0	0	0	0	1

配合:		0


2	2
M22x60-12
固定墩顶端安装支座底座
没有标记
sound\栈桥架设拼组.2.mp3

在固定墩顶端安装支座底座。

起始状态: 隐藏		终止状态: 显示		移动节点: 1
1000	1	0	0	0	0	1	0	0	0	0	1	0	-0.1	0	0	1
1000	1	0	0	0	0	1	0	0	0	0	1	0	0	0	0	1

配合:		0


2	2
M22x60-18
固定墩顶端安装支座底座
没有标记
sound\栈桥架设拼组.2.mp3

在固定墩顶端安装支座底座。

起始状态: 隐藏		终止状态: 显示		移动节点: 1
1000	1	0	0	0	0	1	0	0	0	0	1	0	-0.15	0	0	1
1000	1	0	0	0	0	1	0	0	0	0	1	0	0	0	0	1

配合:		0


2	2
M22螺母-28
固定墩顶端安装支座底座
没有标记
sound\栈桥架设拼组.2.mp3

在固定墩顶端安装支座底座。

起始状态: 隐藏		终止状态: 显示		移动节点: 1
1000	1	0	0	0	0	1	0	0	0	0	1	0	0	0	0.2	1
1000	1	0	0	0	0	1	0	0	0	0	1	0	0	0	0	1

配合:		0


2	2
M22x60-11
固定墩顶端安装支座底座
没有标记
sound\栈桥架设拼组.2.mp3

在固定墩顶端安装支座底座。

起始状态: 隐藏		终止状态: 显示		移动节点: 1
1000	1	0	0	0	0	1	0	0	0	0	1	0	-0.1	0	0	1
1000	1	0	0	0	0	1	0	0	0	0	1	0	0	0	0	1

配合:		0


2	2
垫圈M22-20
固定墩顶端安装支座底座
没有标记
sound\栈桥架设拼组.2.mp3

在固定墩顶端安装支座底座。

起始状态: 隐藏		终止状态: 显示		移动节点: 1
1000	1	0	0	0	0	1	0	0	0	0	1	0	-0.2	0	0	1
1000	1	0	0	0	0	1	0	0	0	0	1	0	0	0	0	1

配合:		0


2	2
垫圈M22-9
固定墩顶端安装支座底座
没有标记
sound\栈桥架设拼组.2.mp3

在固定墩顶端安装支座底座。

起始状态: 隐藏		终止状态: 显示		移动节点: 1
1000	1	0	0	0	0	1	0	0	0	0	1	0	-0.1	0	0	1
1000	1	0	0	0	0	1	0	0	0	0	1	0	0	0	0	1

配合:		0


3	1
活动支座下摆-2
安装活动支座下摆
没有标记
sound\栈桥架设拼组.3.mp3

在支座上安装活动支座下摆。

起始状态: 隐藏		终止状态: 显示		移动节点: 1
1500	1	0	0	0	0	1	0	0	0	0	1	0	0	0	0.5	1
1000	1	0	0	0	0	1	0	0	0	0	1	0	0	0	0	1

配合:		0


3	1
活动支座下摆-1
安装活动支座下摆
没有标记
sound\栈桥架设拼组.3.mp3

在支座上安装活动支座下摆。

起始状态: 隐藏		终止状态: 显示		移动节点: 1
1500	1	0	0	0	0	1	0	0	0	0	1	0	0	0	0.5	1
1000	1	0	0	0	0	1	0	0	0	0	1	0	0	0	0	1

配合:		0


3	2
LS3_螺母-8
安装活动支座下摆
没有标记
sound\栈桥架设拼组.3.mp3

在支座上安装活动支座下摆。

起始状态: 隐藏		终止状态: 显示		移动节点: 1
1000	1	0	0	0	0	1	0	0	0	0	1	0	0	0	0.15	1
1000	1	0	0	0	0	1	0	0	0	0	1	0	0	0	0	1

配合:		0


3	2
LS3螺栓-4
安装活动支座下摆
没有标记
sound\栈桥架设拼组.3.mp3

在支座上安装活动支座下摆。

起始状态: 隐藏		终止状态: 显示		移动节点: 1
1000	1	0	0	0	0	1	0	0	0	0	1	0	0	0	-0.15	1
1000	1	0	0	0	0	1	0	0	0	0	1	0	0	0	0	1

配合:		0


3	2
LS3_螺母-2
安装活动支座下摆
没有标记
sound\栈桥架设拼组.3.mp3

在支座上安装活动支座下摆。

起始状态: 隐藏		终止状态: 显示		移动节点: 1
1000	1	0	0	0	0	1	0	0	0	0	1	0	0	0	0.15	1
1000	1	0	0	0	0	1	0	0	0	0	1	0	0	0	0	1

配合:		0


3	2
LS3螺栓-5
安装活动支座下摆
没有标记
sound\栈桥架设拼组.3.mp3

在支座上安装活动支座下摆。

起始状态: 隐藏		终止状态: 显示		移动节点: 1
1000	1	0	0	0	0	1	0	0	0	0	1	0	0	0	-0.15	1
1000	1	0	0	0	0	1	0	0	0	0	1	0	0	0	0	1

配合:		0


3	2
LS3螺栓-7
安装活动支座下摆
没有标记
sound\栈桥架设拼组.3.mp3

在支座上安装活动支座下摆。

起始状态: 隐藏		终止状态: 显示		移动节点: 1
1000	1	0	0	0	0	1	0	0	0	0	1	0	0	0	-0.15	1
1000	1	0	0	0	0	1	0	0	0	0	1	0	0	0	0	1

配合:		0


3	2
LS3_螺母-3
安装活动支座下摆
没有标记
sound\栈桥架设拼组.3.mp3

在支座上安装活动支座下摆。

起始状态: 隐藏		终止状态: 显示		移动节点: 1
1000	1	0	0	0	0	1	0	0	0	0	1	0	0	0	0.15	1
1000	1	0	0	0	0	1	0	0	0	0	1	0	0	0	0	1

配合:		0


3	2
LS3_螺母-1
安装活动支座下摆
没有标记
sound\栈桥架设拼组.3.mp3

在支座上安装活动支座下摆。

起始状态: 隐藏		终止状态: 显示		移动节点: 1
1000	1	0	0	0	0	1	0	0	0	0	1	0	0	0	0.15	1
1000	1	0	0	0	0	1	0	0	0	0	1	0	0	0	0	1

配合:		0


3	2
LS3螺栓-8
安装活动支座下摆
没有标记
sound\栈桥架设拼组.3.mp3

在支座上安装活动支座下摆。

起始状态: 隐藏		终止状态: 显示		移动节点: 1
1000	1	0	0	0	0	1	0	0	0	0	1	0	0	0	-0.15	1
1000	1	0	0	0	0	1	0	0	0	0	1	0	0	0	0	1

配合:		0


3	2
LS3_螺母-5
安装活动支座下摆
没有标记
sound\栈桥架设拼组.3.mp3

在支座上安装活动支座下摆。

起始状态: 隐藏		终止状态: 显示		移动节点: 1
1000	1	0	0	0	0	1	0	0	0	0	1	0	0	0	0.15	1
1000	1	0	0	0	0	1	0	0	0	0	1	0	0	0	0	1

配合:		0


3	2
LS3螺母-8
安装活动支座下摆
没有标记
sound\栈桥架设拼组.3.mp3

在支座上安装活动支座下摆。

起始状态: 隐藏		终止状态: 显示		移动节点: 1
1000	1	0	0	0	0	1	0	0	0	0	1	0	0	0	0.2	1
1000	1	0	0	0	0	1	0	0	0	0	1	0	0	0	0	1

配合:		0


3	2
LS3螺母-11
安装活动支座下摆
没有标记
sound\栈桥架设拼组.3.mp3

在支座上安装活动支座下摆。

起始状态: 隐藏		终止状态: 显示		移动节点: 1
1000	1	0	0	0	0	1	0	0	0	0	1	0	0	0	0.2	1
1000	1	0	0	0	0	1	0	0	0	0	1	0	0	0	0	1

配合:		0


3	2
LS3螺母-9
安装活动支座下摆
没有标记
sound\栈桥架设拼组.3.mp3

在支座上安装活动支座下摆。

起始状态: 隐藏		终止状态: 显示		移动节点: 1
1000	1	0	0	0	0	1	0	0	0	0	1	0	0	0	0.2	1
1000	1	0	0	0	0	1	0	0	0	0	1	0	0	0	0	1

配合:		0


3	2
LS3螺栓-6
安装活动支座下摆
没有标记
sound\栈桥架设拼组.3.mp3

在支座上安装活动支座下摆。

起始状态: 隐藏		终止状态: 显示		移动节点: 1
1000	1	0	0	0	0	1	0	0	0	0	1	0	0	0	-0.15	1
1000	1	0	0	0	0	1	0	0	0	0	1	0	0	0	0	1

配合:		0


3	2
LS3_螺母-4
安装活动支座下摆
没有标记
sound\栈桥架设拼组.3.mp3

在支座上安装活动支座下摆。

起始状态: 隐藏		终止状态: 显示		移动节点: 1
1000	1	0	0	0	0	1	0	0	0	0	1	0	0	0	0.15	1
1000	1	0	0	0	0	1	0	0	0	0	1	0	0	0	0	1

配合:		0


3	2
LS3螺母-13
安装活动支座下摆
没有标记
sound\栈桥架设拼组.3.mp3

在支座上安装活动支座下摆。

起始状态: 隐藏		终止状态: 显示		移动节点: 1
1000	1	0	0	0	0	1	0	0	0	0	1	0	0	0	0.2	1
1000	1	0	0	0	0	1	0	0	0	0	1	0	0	0	0	1

配合:		0


3	2
LS3螺母-2
安装活动支座下摆
没有标记
sound\栈桥架设拼组.3.mp3

在支座上安装活动支座下摆。

起始状态: 隐藏		终止状态: 显示		移动节点: 1
1000	1	0	0	0	0	1	0	0	0	0	1	0	0	0	0.2	1
1000	1	0	0	0	0	1	0	0	0	0	1	0	0	0	0	1

配合:		0


3	2
LS3_螺母-7
安装活动支座下摆
没有标记
sound\栈桥架设拼组.3.mp3

在支座上安装活动支座下摆。

起始状态: 隐藏		终止状态: 显示		移动节点: 1
1000	1	0	0	0	0	1	0	0	0	0	1	0	0	0	0.15	1
1000	1	0	0	0	0	1	0	0	0	0	1	0	0	0	0	1

配合:		0


3	2
LS3螺母-1
安装活动支座下摆
没有标记
sound\栈桥架设拼组.3.mp3

在支座上安装活动支座下摆。

起始状态: 隐藏		终止状态: 显示		移动节点: 1
1000	1	0	0	0	0	1	0	0	0	0	1	0	0	0	0.2	1
1000	1	0	0	0	0	1	0	0	0	0	1	0	0	0	0	1

配合:		0


3	2
LS3_螺母-6
安装活动支座下摆
没有标记
sound\栈桥架设拼组.3.mp3

在支座上安装活动支座下摆。

起始状态: 隐藏		终止状态: 显示		移动节点: 1
1000	1	0	0	0	0	1	0	0	0	0	1	0	0	0	0.15	1
1000	1	0	0	0	0	1	0	0	0	0	1	0	0	0	0	1

配合:		0


3	2
LS3螺母-10
安装活动支座下摆
没有标记
sound\栈桥架设拼组.3.mp3

在支座上安装活动支座下摆。

起始状态: 隐藏		终止状态: 显示		移动节点: 1
1000	1	0	0	0	0	1	0	0	0	0	1	0	0	0	0.2	1
1000	1	0	0	0	0	1	0	0	0	0	1	0	0	0	0	1

配合:		0


3	2
LS3螺栓-3
安装活动支座下摆
没有标记
sound\栈桥架设拼组.3.mp3

在支座上安装活动支座下摆。

起始状态: 隐藏		终止状态: 显示		移动节点: 1
1000	1	0	0	0	0	1	0	0	0	0	1	0	0	0	-0.15	1
1000	1	0	0	0	0	1	0	0	0	0	1	0	0	0	0	1

配合:		0


3	2
LS3螺栓-2
安装活动支座下摆
没有标记
sound\栈桥架设拼组.3.mp3

在支座上安装活动支座下摆。

起始状态: 隐藏		终止状态: 显示		移动节点: 1
1000	1	0	0	0	0	1	0	0	0	0	1	0	0	0	-0.15	1
1000	1	0	0	0	0	1	0	0	0	0	1	0	0	0	0	1

配合:		0


3	2
LS3螺栓-1
安装活动支座下摆
没有标记
sound\栈桥架设拼组.3.mp3

在支座上安装活动支座下摆。

起始状态: 隐藏		终止状态: 显示		移动节点: 1
1000	1	0	0	0	0	1	0	0	0	0	1	0	0	0	-0.15	1
1000	1	0	0	0	0	1	0	0	0	0	1	0	0	0	0	1

配合:		0


3	2
LS3螺母-12
安装活动支座下摆
没有标记
sound\栈桥架设拼组.3.mp3

在支座上安装活动支座下摆。

起始状态: 隐藏		终止状态: 显示		移动节点: 1
1000	1	0	0	0	0	1	0	0	0	0	1	0	0	0	0.2	1
1000	1	0	0	0	0	1	0	0	0	0	1	0	0	0	0	1

配合:		0


4	1
固定支座下摆-1
二号墩顶端安装固定支座下摆
没有标记
sound\栈桥架设拼组.4.mp3

在2号升降墩横梁顶面安装固定支座下摆。

起始状态: 隐藏		终止状态: 显示		移动节点: 1
1500	1	0	0	0	0	1	0	0	0	0	1	0	0	0	0.5	1
1000	1	0	0	0	0	1	0	0	0	0	1	0	0	0	0	1

配合:		0


4	1
固定支座下摆-2
二号墩顶端安装固定支座下摆
没有标记
sound\栈桥架设拼组.4.mp3

在2号升降墩横梁顶面安装固定支座下摆。

起始状态: 隐藏		终止状态: 显示		移动节点: 1
1500	1	0	0	0	0	1	0	0	0	0	1	0	0	0	0.5	1
1000	1	0	0	0	0	1	0	0	0	0	1	0	0	0	0	1

配合:		0


4	2
LS3螺栓-44
没有标记
没有标记
sound\栈桥架设拼组.4.mp3

在2号升降墩横梁顶面安装固定支座下摆。

起始状态: 隐藏		终止状态: 显示		移动节点: 1
1000	1	0	0	0	0	1	0	0	0	0	1	0	0	0	-0.2	1
1000	1	0	0	0	0	1	0	0	0	0	1	0	0	0	0	1

配合:		0


4	2
LS3螺栓-45
没有标记
没有标记
sound\栈桥架设拼组.4.mp3

在2号升降墩横梁顶面安装固定支座下摆。

起始状态: 隐藏		终止状态: 显示		移动节点: 1
1000	1	0	0	0	0	1	0	0	0	0	1	0	0	0	-0.2	1
1000	1	0	0	0	0	1	0	0	0	0	1	0	0	0	0	1

配合:		0


4	2
LS3螺栓-52
没有标记
没有标记
sound\栈桥架设拼组.4.mp3

在2号升降墩横梁顶面安装固定支座下摆。

起始状态: 隐藏		终止状态: 显示		移动节点: 1
1000	1	0	0	0	0	1	0	0	0	0	1	0	0	0	-0.2	1
1000	1	0	0	0	0	1	0	0	0	0	1	0	0	0	0	1

配合:		0


4	2
LS3螺栓-55
没有标记
没有标记
sound\栈桥架设拼组.4.mp3

在2号升降墩横梁顶面安装固定支座下摆。

起始状态: 隐藏		终止状态: 显示		移动节点: 1
1000	1	0	0	0	0	1	0	0	0	0	1	0	0	0	-0.2	1
1000	1	0	0	0	0	1	0	0	0	0	1	0	0	0	0	1

配合:		0


4	3
LS3螺母-26
没有标记
没有标记
sound\栈桥架设拼组.4.mp3

在2号升降墩横梁顶面安装固定支座下摆。

起始状态: 隐藏		终止状态: 显示		移动节点: 1
1000	1	0	0	0	0	1	0	0	0	0	1	0	0	0	0.2	1
1000	1	0	0	0	0	1	0	0	0	0	1	0	0	0	0	1

配合:		0


4	3
LS3螺栓-50
没有标记
没有标记
sound\栈桥架设拼组.4.mp3

在2号升降墩横梁顶面安装固定支座下摆。

起始状态: 隐藏		终止状态: 显示		移动节点: 1
1000	1	0	0	0	0	1	0	0	0	0	1	0	0	0	-0.2	1
1000	1	0	0	0	0	1	0	0	0	0	1	0	0	0	0	1

配合:		0


4	3
LS3螺栓-42
没有标记
没有标记
sound\栈桥架设拼组.4.mp3

在2号升降墩横梁顶面安装固定支座下摆。

起始状态: 隐藏		终止状态: 显示		移动节点: 1
1000	1	0	0	0	0	1	0	0	0	0	1	0	0	0	-0.2	1
1000	1	0	0	0	0	1	0	0	0	0	1	0	0	0	0	1

配合:		0


4	3
LS3螺母-44
没有标记
没有标记
sound\栈桥架设拼组.4.mp3

在2号升降墩横梁顶面安装固定支座下摆。

起始状态: 隐藏		终止状态: 显示		移动节点: 1
1000	1	0	0	0	0	1	0	0	0	0	1	0	0	0	0.2	1
1000	1	0	0	0	0	1	0	0	0	0	1	0	0	0	0	1

配合:		0


4	3
LS3螺栓-48
没有标记
没有标记
sound\栈桥架设拼组.4.mp3

在2号升降墩横梁顶面安装固定支座下摆。

起始状态: 隐藏		终止状态: 显示		移动节点: 1
1000	1	0	0	0	0	1	0	0	0	0	1	0	0	0	-0.2	1
1000	1	0	0	0	0	1	0	0	0	0	1	0	0	0	0	1

配合:		0


4	3
LS3螺母-45
没有标记
没有标记
sound\栈桥架设拼组.4.mp3

在2号升降墩横梁顶面安装固定支座下摆。

起始状态: 隐藏		终止状态: 显示		移动节点: 1
1000	1	0	0	0	0	1	0	0	0	0	1	0	0	0	0.2	1
1000	1	0	0	0	0	1	0	0	0	0	1	0	0	0	0	1

配合:		0


4	3
LS3螺母-48
没有标记
没有标记
sound\栈桥架设拼组.4.mp3

在2号升降墩横梁顶面安装固定支座下摆。

起始状态: 隐藏		终止状态: 显示		移动节点: 1
1000	1	0	0	0	0	1	0	0	0	0	1	0	0	0	0.2	1
1000	1	0	0	0	0	1	0	0	0	0	1	0	0	0	0	1

配合:		0


4	3
LS3螺栓-25
没有标记
没有标记
sound\栈桥架设拼组.4.mp3

在2号升降墩横梁顶面安装固定支座下摆。

起始状态: 隐藏		终止状态: 显示		移动节点: 1
1000	1	0	0	0	0	1	0	0	0	0	1	0	0	0	-0.2	1
1000	1	0	0	0	0	1	0	0	0	0	1	0	0	0	0	1

配合:		0


5	1
活动支座下摆-3
二号墩顶端安装活动支座下摆
没有标记
sound\栈桥架设拼组.5.mp3

在2号升降墩横梁顶面安装活动支座下摆。

起始状态: 隐藏		终止状态: 显示		移动节点: 1
1500	1	0	0	0	0	1	0	0	0	0	1	0	0	0	0.5	1
1000	1	0	0	0	0	1	0	0	0	0	1	0	0	0	0	1

配合:		0


5	1
活动支座下摆-4
二号墩顶端安装活动支座下摆
没有标记
sound\栈桥架设拼组.5.mp3

在2号升降墩横梁顶面安装活动支座下摆。

起始状态: 隐藏		终止状态: 显示		移动节点: 1
1500	1	0	0	0	0	1	0	0	0	0	1	0	0	0	0.5	1
1000	1	0	0	0	0	1	0	0	0	0	1	0	0	0	0	1

配合:		0


5	2
LS3螺栓-46
二号墩顶端安装活动支座下摆
没有标记
sound\栈桥架设拼组.5.mp3

在2号升降墩横梁顶面安装活动支座下摆。

起始状态: 隐藏		终止状态: 显示		移动节点: 1
1000	1	0	0	0	0	1	0	0	0	0	1	0	0	0	-0.2	1
1000	1	0	0	0	0	1	0	0	0	0	1	0	0	0	0	1

配合:		0


5	2
LS3螺栓-47
二号墩顶端安装活动支座下摆
没有标记
sound\栈桥架设拼组.5.mp3

在2号升降墩横梁顶面安装活动支座下摆。

起始状态: 隐藏		终止状态: 显示		移动节点: 1
1000	1	0	0	0	0	1	0	0	0	0	1	0	0	0	-0.2	1
1000	1	0	0	0	0	1	0	0	0	0	1	0	0	0	0	1

配合:		0


5	2
LS3螺栓-53
二号墩顶端安装活动支座下摆
没有标记
sound\栈桥架设拼组.5.mp3

在2号升降墩横梁顶面安装活动支座下摆。

起始状态: 隐藏		终止状态: 显示		移动节点: 1
1000	1	0	0	0	0	1	0	0	0	0	1	0	0	0	-0.2	1
1000	1	0	0	0	0	1	0	0	0	0	1	0	0	0	0	1

配合:		0


5	2
LS3螺栓-54
二号墩顶端安装活动支座下摆
没有标记
sound\栈桥架设拼组.5.mp3

在2号升降墩横梁顶面安装活动支座下摆。

起始状态: 隐藏		终止状态: 显示		移动节点: 1
1000	1	0	0	0	0	1	0	0	0	0	1	0	0	0	-0.2	1
1000	1	0	0	0	0	1	0	0	0	0	1	0	0	0	0	1

配合:		0


5	3
LS3螺母-37
二号墩顶端安装活动支座下摆
没有标记
sound\栈桥架设拼组.5.mp3

在2号升降墩横梁顶面安装活动支座下摆。

起始状态: 隐藏		终止状态: 显示		移动节点: 1
1000	1	0	0	0	0	1	0	0	0	0	1	0	0	0	0.2	1
1000	1	0	0	0	0	1	0	0	0	0	1	0	0	0	0	1

配合:		0


5	3
LS3螺栓-43
二号墩顶端安装活动支座下摆
没有标记
sound\栈桥架设拼组.5.mp3

在2号升降墩横梁顶面安装活动支座下摆。

起始状态: 隐藏		终止状态: 显示		移动节点: 1
1000	1	0	0	0	0	1	0	0	0	0	1	0	0	0	-0.2	1
1000	1	0	0	0	0	1	0	0	0	0	1	0	0	0	0	1

配合:		0


5	3
LS3螺母-46
二号墩顶端安装活动支座下摆
没有标记
sound\栈桥架设拼组.5.mp3

在2号升降墩横梁顶面安装活动支座下摆。

起始状态: 隐藏		终止状态: 显示		移动节点: 1
1000	1	0	0	0	0	1	0	0	0	0	1	0	0	0	0.2	1
1000	1	0	0	0	0	1	0	0	0	0	1	0	0	0	0	1

配合:		0


5	3
LS3螺栓-49
二号墩顶端安装活动支座下摆
没有标记
sound\栈桥架设拼组.5.mp3

在2号升降墩横梁顶面安装活动支座下摆。

起始状态: 隐藏		终止状态: 显示		移动节点: 1
1000	1	0	0	0	0	1	0	0	0	0	1	0	0	0	-0.2	1
1000	1	0	0	0	0	1	0	0	0	0	1	0	0	0	0	1

配合:		0


5	3
LS3螺母-43
二号墩顶端安装活动支座下摆
没有标记
sound\栈桥架设拼组.5.mp3

在2号升降墩横梁顶面安装活动支座下摆。

起始状态: 隐藏		终止状态: 显示		移动节点: 1
1000	1	0	0	0	0	1	0	0	0	0	1	0	0	0	0.2	1
1000	1	0	0	0	0	1	0	0	0	0	1	0	0	0	0	1

配合:		0


5	3
LS3螺母-47
二号墩顶端安装活动支座下摆
没有标记
sound\栈桥架设拼组.5.mp3

在2号升降墩横梁顶面安装活动支座下摆。

起始状态: 隐藏		终止状态: 显示		移动节点: 1
1000	1	0	0	0	0	1	0	0	0	0	1	0	0	0	0.2	1
1000	1	0	0	0	0	1	0	0	0	0	1	0	0	0	0	1

配合:		0


5	3
LS3螺栓-51
二号墩顶端安装活动支座下摆
没有标记
sound\栈桥架设拼组.5.mp3

在2号升降墩横梁顶面安装活动支座下摆。

起始状态: 隐藏		终止状态: 显示		移动节点: 1
1000	1	0	0	0	0	1	0	0	0	0	1	0	0	0	-0.2	1
1000	1	0	0	0	0	1	0	0	0	0	1	0	0	0	0	1

配合:		0


5	3
LS3螺栓-41
二号墩顶端安装活动支座下摆
没有标记
sound\栈桥架设拼组.5.mp3

在2号升降墩横梁顶面安装活动支座下摆。

起始状态: 隐藏		终止状态: 显示		移动节点: 1
1000	1	0	0	0	0	1	0	0	0	0	1	0	0	0	-0.2	1
1000	1	0	0	0	0	1	0	0	0	0	1	0	0	0	0	1

配合:		0


6	1
栈桥梁支座的底座-1
一号墩顶端安装支座底座
没有标记
sound\栈桥架设拼组.6.mp3

在一号升降墩顶端安装支座底座。

起始状态: 隐藏		终止状态: 显示		移动节点: 1
1500	1	0	0	0	0	1	0	0	0	0	1	0	0	0	0.5	1
1000	1	0	0	0	0	1	0	0	0	0	1	0	0	0	0	1

配合:		0


6	1
栈桥梁支座的底座-2
一号墩顶端安装支座底座
没有标记
sound\栈桥架设拼组.6.mp3

在一号升降墩顶端安装支座底座。

起始状态: 隐藏		终止状态: 显示		移动节点: 1
1500	1	0	0	0	0	1	0	0	0	0	1	0	0	0	0.5	1
1000	1	0	0	0	0	1	0	0	0	0	1	0	0	0	0	1

配合:		0


6	2
LS3螺栓-24
一号墩顶端安装支座底座
没有标记
sound\栈桥架设拼组.6.mp3

在一号升降墩顶端安装支座底座。

起始状态: 隐藏		终止状态: 显示		移动节点: 1
1000	1	0	0	0	0	1	0	0	0	0	1	0	0	0	-0.2	1
1000	1	0	0	0	0	1	0	0	0	0	1	0	0	0	0	1

配合:		0


6	2
LS3螺栓-21
一号墩顶端安装支座底座
没有标记
sound\栈桥架设拼组.6.mp3

在一号升降墩顶端安装支座底座。

起始状态: 隐藏		终止状态: 显示		移动节点: 1
1000	1	0	0	0	0	1	0	0	0	0	1	0	0	0	-0.2	1
1000	1	0	0	0	0	1	0	0	0	0	1	0	0	0	0	1

配合:		0


6	2
LS3螺栓-18
一号墩顶端安装支座底座
没有标记
sound\栈桥架设拼组.6.mp3

在一号升降墩顶端安装支座底座。

起始状态: 隐藏		终止状态: 显示		移动节点: 1
1000	1	0	0	0	0	1	0	0	0	0	1	0	0	0	-0.2	1
1000	1	0	0	0	0	1	0	0	0	0	1	0	0	0	0	1

配合:		0


6	2
LS3螺栓-19
一号墩顶端安装支座底座
没有标记
sound\栈桥架设拼组.6.mp3

在一号升降墩顶端安装支座底座。

起始状态: 隐藏		终止状态: 显示		移动节点: 1
1000	1	0	0	0	0	1	0	0	0	0	1	0	0	0	-0.2	1
1000	1	0	0	0	0	1	0	0	0	0	1	0	0	0	0	1

配合:		0


6	3
LS3螺栓-22
一号墩顶端安装支座底座
没有标记
sound\栈桥架设拼组.6.mp3

在一号升降墩顶端安装支座底座。

起始状态: 隐藏		终止状态: 显示		移动节点: 1
1000	1	0	0	0	0	1	0	0	0	0	1	0	0	0	-0.2	1
1000	1	0	0	0	0	1	0	0	0	0	1	0	0	0	0	1

配合:		0


6	3
LS3螺母-25
一号墩顶端安装支座底座
没有标记
sound\栈桥架设拼组.6.mp3

在一号升降墩顶端安装支座底座。

起始状态: 隐藏		终止状态: 显示		移动节点: 1
1000	1	0	0	0	0	1	0	0	0	0	1	0	0	0	0.2	1
1000	1	0	0	0	0	1	0	0	0	0	1	0	0	0	0	1

配合:		0


6	3
LS3螺母-22
一号墩顶端安装支座底座
没有标记
sound\栈桥架设拼组.6.mp3

在一号升降墩顶端安装支座底座。

起始状态: 隐藏		终止状态: 显示		移动节点: 1
1000	1	0	0	0	0	1	0	0	0	0	1	0	0	0	0.2	1
1000	1	0	0	0	0	1	0	0	0	0	1	0	0	0	0	1

配合:		0


6	3
LS3螺栓-23
一号墩顶端安装支座底座
没有标记
sound\栈桥架设拼组.6.mp3

在一号升降墩顶端安装支座底座。

起始状态: 隐藏		终止状态: 显示		移动节点: 1
1000	1	0	0	0	0	1	0	0	0	0	1	0	0	0	-0.2	1
1000	1	0	0	0	0	1	0	0	0	0	1	0	0	0	0	1

配合:		0


6	3
LS3螺栓-20
一号墩顶端安装支座底座
没有标记
sound\栈桥架设拼组.6.mp3

在一号升降墩顶端安装支座底座。

起始状态: 隐藏		终止状态: 显示		移动节点: 1
1000	1	0	0	0	0	1	0	0	0	0	1	0	0	0	-0.2	1
1000	1	0	0	0	0	1	0	0	0	0	1	0	0	0	0	1

配合:		0


6	3
LS3螺母-23
一号墩顶端安装支座底座
没有标记
sound\栈桥架设拼组.6.mp3

在一号升降墩顶端安装支座底座。

起始状态: 隐藏		终止状态: 显示		移动节点: 1
1000	1	0	0	0	0	1	0	0	0	0	1	0	0	0	0.2	1
1000	1	0	0	0	0	1	0	0	0	0	1	0	0	0	0	1

配合:		0


6	3
LS3螺母-24
一号墩顶端安装支座底座
没有标记
sound\栈桥架设拼组.6.mp3

在一号升降墩顶端安装支座底座。

起始状态: 隐藏		终止状态: 显示		移动节点: 1
1000	1	0	0	0	0	1	0	0	0	0	1	0	0	0	0.2	1
1000	1	0	0	0	0	1	0	0	0	0	1	0	0	0	0	1

配合:		0


6	3
LS3螺栓-9
一号墩顶端安装支座底座
没有标记
sound\栈桥架设拼组.6.mp3

在一号升降墩顶端安装支座底座。

起始状态: 隐藏		终止状态: 显示		移动节点: 1
1000	1	0	0	0	0	1	0	0	0	0	1	0	0	0	-0.2	1
1000	1	0	0	0	0	1	0	0	0	0	1	0	0	0	0	1

配合:		0


7	1
固定支座下摆-3
一号墩顶端安装固定支座下摆
没有标记
sound\栈桥架设拼组.7.mp3

在支座底座上方安装固定支座下摆。

起始状态: 隐藏		终止状态: 显示		移动节点: 1
1500	1	0	0	0	0	1	0	0	0	0	1	0	0	0	0.5	1
1000	1	0	0	0	0	1	0	0	0	0	1	0	0	0	0	1

配合:		0


7	1
固定支座下摆-4
一号墩顶端安装固定支座下摆
没有标记
sound\栈桥架设拼组.7.mp3

在支座底座上方安装固定支座下摆。

起始状态: 隐藏		终止状态: 显示		移动节点: 1
1500	1	0	0	0	0	1	0	0	0	0	1	0	0	0	0.5	1
1000	1	0	0	0	0	1	0	0	0	0	1	0	0	0	0	1

配合:		0


7	2
LS3螺栓-12
一号墩顶端安装固定支座下摆
没有标记
sound\栈桥架设拼组.7.mp3

在支座底座上方安装固定支座下摆。

起始状态: 隐藏		终止状态: 显示		移动节点: 1
1000	1	0	0	0	0	1	0	0	0	0	1	0	0	0	-0.2	1
1000	1	0	0	0	0	1	0	0	0	0	1	0	0	0	0	1

配合:		0


7	2
LS3螺栓-17
一号墩顶端安装固定支座下摆
没有标记
sound\栈桥架设拼组.7.mp3

在支座底座上方安装固定支座下摆。

起始状态: 隐藏		终止状态: 显示		移动节点: 1
1000	1	0	0	0	0	1	0	0	0	0	1	0	0	0	-0.2	1
1000	1	0	0	0	0	1	0	0	0	0	1	0	0	0	0	1

配合:		0


7	2
LS3螺栓-11
一号墩顶端安装固定支座下摆
没有标记
sound\栈桥架设拼组.7.mp3

在支座底座上方安装固定支座下摆。

起始状态: 隐藏		终止状态: 显示		移动节点: 1
1000	1	0	0	0	0	1	0	0	0	0	1	0	0	0	-0.2	1
1000	1	0	0	0	0	1	0	0	0	0	1	0	0	0	0	1

配合:		0


7	2
LS3螺栓-13
一号墩顶端安装固定支座下摆
没有标记
sound\栈桥架设拼组.7.mp3

在支座底座上方安装固定支座下摆。

起始状态: 隐藏		终止状态: 显示		移动节点: 1
1000	1	0	0	0	0	1	0	0	0	0	1	0	0	0	-0.2	1
1000	1	0	0	0	0	1	0	0	0	0	1	0	0	0	0	1

配合:		0


7	2
LS3螺栓-10
一号墩顶端安装固定支座下摆
没有标记
sound\栈桥架设拼组.7.mp3

在支座底座上方安装固定支座下摆。

起始状态: 隐藏		终止状态: 显示		移动节点: 1
1000	1	0	0	0	0	1	0	0	0	0	1	0	0	0	-0.2	1
1000	1	0	0	0	0	1	0	0	0	0	1	0	0	0	0	1

配合:		0


7	2
LS3螺母-14
一号墩顶端安装固定支座下摆
没有标记
sound\栈桥架设拼组.7.mp3

在支座底座上方安装固定支座下摆。

起始状态: 隐藏		终止状态: 显示		移动节点: 1
1000	1	0	0	0	0	1	0	0	0	0	1	0	0	0	0.2	1
1000	1	0	0	0	0	1	0	0	0	0	1	0	0	0	0	1

配合:		0


7	2
LS3螺母-17
一号墩顶端安装固定支座下摆
没有标记
sound\栈桥架设拼组.7.mp3

在支座底座上方安装固定支座下摆。

起始状态: 隐藏		终止状态: 显示		移动节点: 1
1000	1	0	0	0	0	1	0	0	0	0	1	0	0	0	0.2	1
1000	1	0	0	0	0	1	0	0	0	0	1	0	0	0	0	1

配合:		0


7	2
LS3螺栓-15
一号墩顶端安装固定支座下摆
没有标记
sound\栈桥架设拼组.7.mp3

在支座底座上方安装固定支座下摆。

起始状态: 隐藏		终止状态: 显示		移动节点: 1
1000	1	0	0	0	0	1	0	0	0	0	1	0	0	0	-0.2	1
1000	1	0	0	0	0	1	0	0	0	0	1	0	0	0	0	1

配合:		0


7	2
LS3螺母-21
一号墩顶端安装固定支座下摆
没有标记
sound\栈桥架设拼组.7.mp3

在支座底座上方安装固定支座下摆。

起始状态: 隐藏		终止状态: 显示		移动节点: 1
1000	1	0	0	0	0	1	0	0	0	0	1	0	0	0	0.2	1
1000	1	0	0	0	0	1	0	0	0	0	1	0	0	0	0	1

配合:		0


7	2
LS3螺母-20
一号墩顶端安装固定支座下摆
没有标记
sound\栈桥架设拼组.7.mp3

在支座底座上方安装固定支座下摆。

起始状态: 隐藏		终止状态: 显示		移动节点: 1
1000	1	0	0	0	0	1	0	0	0	0	1	0	0	0	0.2	1
1000	1	0	0	0	0	1	0	0	0	0	1	0	0	0	0	1

配合:		0


7	2
LS3螺母-19
一号墩顶端安装固定支座下摆
没有标记
sound\栈桥架设拼组.7.mp3

在支座底座上方安装固定支座下摆。

起始状态: 隐藏		终止状态: 显示		移动节点: 1
1000	1	0	0	0	0	1	0	0	0	0	1	0	0	0	0.2	1
1000	1	0	0	0	0	1	0	0	0	0	1	0	0	0	0	1

配合:		0


7	2
LS3螺栓-14
一号墩顶端安装固定支座下摆
没有标记
sound\栈桥架设拼组.7.mp3

在支座底座上方安装固定支座下摆。

起始状态: 隐藏		终止状态: 显示		移动节点: 1
1000	1	0	0	0	0	1	0	0	0	0	1	0	0	0	-0.2	1
1000	1	0	0	0	0	1	0	0	0	0	1	0	0	0	0	1

配合:		0


7	2
LS3螺母-15
一号墩顶端安装固定支座下摆
没有标记
sound\栈桥架设拼组.7.mp3

在支座底座上方安装固定支座下摆。

起始状态: 隐藏		终止状态: 显示		移动节点: 1
1000	1	0	0	0	0	1	0	0	0	0	1	0	0	0	0.2	1
1000	1	0	0	0	0	1	0	0	0	0	1	0	0	0	0	1

配合:		0


7	2
LS3螺母-16
一号墩顶端安装固定支座下摆
没有标记
sound\栈桥架设拼组.7.mp3

在支座底座上方安装固定支座下摆。

起始状态: 隐藏		终止状态: 显示		移动节点: 1
1000	1	0	0	0	0	1	0	0	0	0	1	0	0	0	0.2	1
1000	1	0	0	0	0	1	0	0	0	0	1	0	0	0	0	1

配合:		0


7	2
LS3螺栓-16
一号墩顶端安装固定支座下摆
没有标记
sound\栈桥架设拼组.7.mp3

在支座底座上方安装固定支座下摆。

起始状态: 隐藏		终止状态: 显示		移动节点: 1
1000	1	0	0	0	0	1	0	0	0	0	1	0	0	0	-0.2	1
1000	1	0	0	0	0	1	0	0	0	0	1	0	0	0	0	1

配合:		0


7	2
LS3螺母-18
一号墩顶端安装固定支座下摆
没有标记
sound\栈桥架设拼组.7.mp3

在支座底座上方安装固定支座下摆。

起始状态: 隐藏		终止状态: 显示		移动节点: 1
1000	1	0	0	0	0	1	0	0	0	0	1	0	0	0	0.2	1
1000	1	0	0	0	0	1	0	0	0	0	1	0	0	0	0	1

配合:		0


8	1
栈桥梁12联结-1/栈桥梁一装配体-1
吊装就位栈桥梁体一
没有标记
sound\栈桥架设拼组.8.mp3

浮吊吊装栈桥梁一进行架设作业。栈桥梁两端底部支座上摆嵌入支座凹槽内。

起始状态: 隐藏		终止状态: 显示		移动节点: 1
2000	1	0	0	0	0	1	0	0	0	0	1	0	0	2	0	1
1000	1	0	0	0	0	1	0	0	0	0	1	0	0	0	0	1

配合:		0


9	1
栈桥梁12联结-1/栈桥梁二装配体-1
吊装就位栈桥梁体二
没有标记
sound\栈桥架设拼组.9.mp3

第一孔栈桥架设后，浮吊连同运输船移到第二孔栈桥梁的位置，进行第二孔栈桥梁的架设。栈桥梁两端底部支座上摆嵌入支座凹槽内。保持两栈桥梁的中心线与桥轴线重合。

起始状态: 隐藏		终止状态: 显示		移动节点: 1
2000	1	0	0	0	0	1	0	0	0	0	1	0	0	2	0	1
1000	1	0	0	0	0	1	0	0	0	0	1	0	0	0	0	1

配合:		0


10	1
栈桥梁12联结-1/JB2bG（724短轨）-1
安装桥面短轨
没有标记
sound\栈桥架设拼组.10.mp3

安装桥面短轨JB2bG.

起始状态: 隐藏		终止状态: 显示		移动节点: 1
1500	1	0	0	0	0	1	0	0	0	0	1	0	0	0.5	0	1
1000	1	0	0	0	0	1	0	0	0	0	1	0	0	0	0	1

配合:		0


10	1
栈桥梁12联结-1/JB2bG（724短轨）-2
安装桥面短轨
没有标记
sound\栈桥架设拼组.10.mp3

安装桥面短轨JB2bG.

起始状态: 隐藏		终止状态: 显示		移动节点: 1
1500	1	0	0	0	0	1	0	0	0	0	1	0	0	0.5	0	1
1000	1	0	0	0	0	1	0	0	0	0	1	0	0	0	0	1

配合:		0


11	1
栈桥梁12联结-1/JB4bG左（560鱼尾板）-3
安装鱼尾板
没有标记
sound\栈桥架设拼组.11.mp3

将鱼尾板夹持在梁节钢轨的两侧，凹槽面紧贴钢轨面。

起始状态: 隐藏		终止状态: 显示		移动节点: 1
1500	1	0	0	0	0	1	0	0	0	0	1	0	0.2	0	0	1
1000	1	0	0	0	0	1	0	0	0	0	1	0	0	0	0	1

配合:		0


11	1
栈桥梁12联结-1/JB4bG右（560鱼尾板）-3
安装鱼尾板
没有标记
sound\栈桥架设拼组.11.mp3

将鱼尾板夹持在梁节钢轨的两侧，凹槽面紧贴钢轨面。

起始状态: 隐藏		终止状态: 显示		移动节点: 1
1500	1	0	0	0	0	1	0	0	0	0	1	0	-0.2	0	0	1
1000	1	0	0	0	0	1	0	0	0	0	1	0	0	0	0	1

配合:		0


11	2
栈桥梁12联结-1/M26垫圈-12
安装鱼尾板
没有标记
sound\栈桥架设拼组.11.mp3

将鱼尾板夹持在梁节钢轨的两侧，凹槽面紧贴钢轨面。

起始状态: 隐藏		终止状态: 显示		移动节点: 1
1000	1	0	0	0	0	1	0	0	0	0	1	0	0	0	-0.2	1
1000	1	0	0	0	0	1	0	0	0	0	1	0	0	0	0	1

配合:		0


11	2
栈桥梁12联结-1/M24×150-k-12
安装鱼尾板
没有标记
sound\栈桥架设拼组.11.mp3

将鱼尾板夹持在梁节钢轨的两侧，凹槽面紧贴钢轨面。

起始状态: 隐藏		终止状态: 显示		移动节点: 1
1000	1	0	0	0	0	1	0	0	0	0	1	0	0	0	0.2	1
1000	1	0	0	0	0	1	0	0	0	0	1	0	0	0	0	1

配合:		0


11	2
栈桥梁12联结-1/ISO7412-M24x150-k-9
安装鱼尾板
没有标记
sound\栈桥架设拼组.11.mp3

将鱼尾板夹持在梁节钢轨的两侧，凹槽面紧贴钢轨面。

起始状态: 隐藏		终止状态: 显示		移动节点: 1
1000	1	0	0	0	0	1	0	0	0	0	1	0	-0.2	0	0	1
1000	1	0	0	0	0	1	0	0	0	0	1	0	0	0	0	1

配合:		0


11	2
栈桥梁12联结-1/M26垫圈-10
安装鱼尾板
没有标记
sound\栈桥架设拼组.11.mp3

将鱼尾板夹持在梁节钢轨的两侧，凹槽面紧贴钢轨面。

起始状态: 隐藏		终止状态: 显示		移动节点: 1
1000	1	0	0	0	0	1	0	0	0	0	1	0	0	0	-0.2	1
1000	1	0	0	0	0	1	0	0	0	0	1	0	0	0	0	1

配合:		0


11	2
栈桥梁12联结-1/M26垫圈-11
安装鱼尾板
没有标记
sound\栈桥架设拼组.11.mp3

将鱼尾板夹持在梁节钢轨的两侧，凹槽面紧贴钢轨面。

起始状态: 隐藏		终止状态: 显示		移动节点: 1
1000	1	0	0	0	0	1	0	0	0	0	1	0	0	0	-0.2	1
1000	1	0	0	0	0	1	0	0	0	0	1	0	0	0	0	1

配合:		0


11	2
栈桥梁12联结-1/M24×150-k-9
安装鱼尾板
没有标记
sound\栈桥架设拼组.11.mp3

将鱼尾板夹持在梁节钢轨的两侧，凹槽面紧贴钢轨面。

起始状态: 隐藏		终止状态: 显示		移动节点: 1
1000	1	0	0	0	0	1	0	0	0	0	1	0	0	0	0.2	1
1000	1	0	0	0	0	1	0	0	0	0	1	0	0	0	0	1

配合:		0


11	2
栈桥梁12联结-1/ISO7412-M24x150-k-11
安装鱼尾板
没有标记
sound\栈桥架设拼组.11.mp3

将鱼尾板夹持在梁节钢轨的两侧，凹槽面紧贴钢轨面。

起始状态: 隐藏		终止状态: 显示		移动节点: 1
1000	1	0	0	0	0	1	0	0	0	0	1	0	-0.2	0	0	1
1000	1	0	0	0	0	1	0	0	0	0	1	0	0	0	0	1

配合:		0


11	2
栈桥梁12联结-1/M24×150-k-11
安装鱼尾板
没有标记
sound\栈桥架设拼组.11.mp3

将鱼尾板夹持在梁节钢轨的两侧，凹槽面紧贴钢轨面。

起始状态: 隐藏		终止状态: 显示		移动节点: 1
1000	1	0	0	0	0	1	0	0	0	0	1	0	0	0	0.2	1
1000	1	0	0	0	0	1	0	0	0	0	1	0	0	0	0	1

配合:		0


11	2
栈桥梁12联结-1/ISO7412-M24x150-k-12
安装鱼尾板
没有标记
sound\栈桥架设拼组.11.mp3

将鱼尾板夹持在梁节钢轨的两侧，凹槽面紧贴钢轨面。

起始状态: 隐藏		终止状态: 显示		移动节点: 1
1000	1	0	0	0	0	1	0	0	0	0	1	0	-0.2	0	0	1
1000	1	0	0	0	0	1	0	0	0	0	1	0	0	0	0	1

配合:		0


11	2
栈桥梁12联结-1/ISO7412-M24x150-k-10
安装鱼尾板
没有标记
sound\栈桥架设拼组.11.mp3

将鱼尾板夹持在梁节钢轨的两侧，凹槽面紧贴钢轨面。

起始状态: 隐藏		终止状态: 显示		移动节点: 1
1000	1	0	0	0	0	1	0	0	0	0	1	0	-0.2	0	0	1
1000	1	0	0	0	0	1	0	0	0	0	1	0	0	0	0	1

配合:		0


11	2
栈桥梁12联结-1/M24×150-k-10
安装鱼尾板
没有标记
sound\栈桥架设拼组.11.mp3

将鱼尾板夹持在梁节钢轨的两侧，凹槽面紧贴钢轨面。

起始状态: 隐藏		终止状态: 显示		移动节点: 1
1000	1	0	0	0	0	1	0	0	0	0	1	0	0	0	0.2	1
1000	1	0	0	0	0	1	0	0	0	0	1	0	0	0	0	1

配合:		0


11	2
栈桥梁12联结-1/M26垫圈-9
安装鱼尾板
没有标记
sound\栈桥架设拼组.11.mp3

将鱼尾板夹持在梁节钢轨的两侧，凹槽面紧贴钢轨面。

起始状态: 隐藏		终止状态: 显示		移动节点: 1
1000	1	0	0	0	0	1	0	0	0	0	1	0	0	0	-0.2	1
1000	1	0	0	0	0	1	0	0	0	0	1	0	0	0	0	1

配合:		0


12	1
栈桥梁12联结-1/JB4bG右（560鱼尾板）-2
安装鱼尾板
没有标记
sound\栈桥架设拼组.12.mp3

将鱼尾板夹持在梁节钢轨的两侧，凹槽面紧贴钢轨面。

起始状态: 隐藏		终止状态: 显示		移动节点: 1
1500	1	0	0	0	0	1	0	0	0	0	1	0	-0.2	0	0	1
1000	1	0	0	0	0	1	0	0	0	0	1	0	0	0	0	1

配合:		0


12	1
栈桥梁12联结-1/JB4bG右（560鱼尾板）-4
安装鱼尾板
没有标记
sound\栈桥架设拼组.12.mp3

将鱼尾板夹持在梁节钢轨的两侧，凹槽面紧贴钢轨面。

起始状态: 隐藏		终止状态: 显示		移动节点: 1
1500	1	0	0	0	0	1	0	0	0	0	1	0	-0.2	0	0	1
1000	1	0	0	0	0	1	0	0	0	0	1	0	0	0	0	1

配合:		0


12	1
栈桥梁12联结-1/JB4bG左（560鱼尾板）-1
安装鱼尾板
没有标记
sound\栈桥架设拼组.12.mp3

将鱼尾板夹持在梁节钢轨的两侧，凹槽面紧贴钢轨面。

起始状态: 隐藏		终止状态: 显示		移动节点: 1
1500	1	0	0	0	0	1	0	0	0	0	1	0	0.2	0	0	1
1000	1	0	0	0	0	1	0	0	0	0	1	0	0	0	0	1

配合:		0


12	1
栈桥梁12联结-1/JB4bG左（560鱼尾板）-2
安装鱼尾板
没有标记
sound\栈桥架设拼组.12.mp3

将鱼尾板夹持在梁节钢轨的两侧，凹槽面紧贴钢轨面。

起始状态: 隐藏		终止状态: 显示		移动节点: 1
1500	1	0	0	0	0	1	0	0	0	0	1	0	0.2	0	0	1
1000	1	0	0	0	0	1	0	0	0	0	1	0	0	0	0	1

配合:		0


12	1
栈桥梁12联结-1/JB4bG右（560鱼尾板）-1
安装鱼尾板
没有标记
sound\栈桥架设拼组.12.mp3

将鱼尾板夹持在梁节钢轨的两侧，凹槽面紧贴钢轨面。

起始状态: 隐藏		终止状态: 显示		移动节点: 1
1500	1	0	0	0	0	1	0	0	0	0	1	0	-0.2	0	0	1
1000	1	0	0	0	0	1	0	0	0	0	1	0	0	0	0	1

配合:		0


12	1
栈桥梁12联结-1/JB4bG左（560鱼尾板）-4
安装鱼尾板
没有标记
sound\栈桥架设拼组.12.mp3

将鱼尾板夹持在梁节钢轨的两侧，凹槽面紧贴钢轨面。

起始状态: 隐藏		终止状态: 显示		移动节点: 1
1500	1	0	0	0	0	1	0	0	0	0	1	0	0.2	0	0	1
1000	1	0	0	0	0	1	0	0	0	0	1	0	0	0	0	1

配合:		0


12	2
栈桥梁12联结-1/M26垫圈-7
安装鱼尾板
没有标记
sound\栈桥架设拼组.12.mp3

将鱼尾板夹持在梁节钢轨的两侧，凹槽面紧贴钢轨面。

起始状态: 隐藏		终止状态: 显示		移动节点: 1
1000	1	0	0	0	0	1	0	0	0	0	1	0	0	0	-0.2	1
1000	1	0	0	0	0	1	0	0	0	0	1	0	0	0	0	1

配合:		0


12	2
栈桥梁12联结-1/M24×150-k-15
安装鱼尾板
没有标记
sound\栈桥架设拼组.12.mp3

将鱼尾板夹持在梁节钢轨的两侧，凹槽面紧贴钢轨面。

起始状态: 隐藏		终止状态: 显示		移动节点: 1
1000	1	0	0	0	0	1	0	0	0	0	1	0	0	0	0.2	1
1000	1	0	0	0	0	1	0	0	0	0	1	0	0	0	0	1

配合:		0


12	2
栈桥梁12联结-1/M26垫圈-16
安装鱼尾板
没有标记
sound\栈桥架设拼组.12.mp3

将鱼尾板夹持在梁节钢轨的两侧，凹槽面紧贴钢轨面。

起始状态: 隐藏		终止状态: 显示		移动节点: 1
1000	1	0	0	0	0	1	0	0	0	0	1	0	0	0	-0.2	1
1000	1	0	0	0	0	1	0	0	0	0	1	0	0	0	0	1

配合:		0


12	2
栈桥梁12联结-1/ISO7412-M24x150-k-3
没有标记
没有标记
sound\栈桥架设拼组.12.mp3

将鱼尾板夹持在梁节钢轨的两侧，凹槽面紧贴钢轨面。

起始状态: 隐藏		终止状态: 显示		移动节点: 1
1000	1	0	0	0	0	1	0	0	0	0	1	0	-0.2	0	0	1
1000	1	0	0	0	0	1	0	0	0	0	1	0	0	0	0	1

配合:		0


12	2
栈桥梁12联结-1/M24×150-k-4
没有标记
没有标记
sound\栈桥架设拼组.12.mp3

将鱼尾板夹持在梁节钢轨的两侧，凹槽面紧贴钢轨面。

起始状态: 隐藏		终止状态: 显示		移动节点: 1
1000	1	0	0	0	0	1	0	0	0	0	1	0	0	0	0.2	1
1000	1	0	0	0	0	1	0	0	0	0	1	0	0	0	0	1

配合:		0


12	2
栈桥梁12联结-1/M26垫圈-4
没有标记
没有标记
sound\栈桥架设拼组.12.mp3

将鱼尾板夹持在梁节钢轨的两侧，凹槽面紧贴钢轨面。

起始状态: 隐藏		终止状态: 显示		移动节点: 1
1000	1	0	0	0	0	1	0	0	0	0	1	0	0	0	-0.2	1
1000	1	0	0	0	0	1	0	0	0	0	1	0	0	0	0	1

配合:		0


12	2
栈桥梁12联结-1/M24×150-k-1
安装鱼尾板
没有标记
sound\栈桥架设拼组.12.mp3

将鱼尾板夹持在梁节钢轨的两侧，凹槽面紧贴钢轨面。

起始状态: 隐藏		终止状态: 显示		移动节点: 1
1000	1	0	0	0	0	1	0	0	0	0	1	0	0	0	0.2	1
1000	1	0	0	0	0	1	0	0	0	0	1	0	0	0	0	1

配合:		0


12	2
栈桥梁12联结-1/ISO7412-M24x150-k-14
安装鱼尾板
没有标记
sound\栈桥架设拼组.12.mp3

将鱼尾板夹持在梁节钢轨的两侧，凹槽面紧贴钢轨面。

起始状态: 隐藏		终止状态: 显示		移动节点: 1
1000	1	0	0	0	0	1	0	0	0	0	1	0	-0.2	0	0	1
1000	1	0	0	0	0	1	0	0	0	0	1	0	0	0	0	1

配合:		0


12	2
栈桥梁12联结-1/ISO7412-M24x150-k-2
安装鱼尾板
没有标记
sound\栈桥架设拼组.12.mp3

将鱼尾板夹持在梁节钢轨的两侧，凹槽面紧贴钢轨面。

起始状态: 隐藏		终止状态: 显示		移动节点: 1
1000	1	0	0	0	0	1	0	0	0	0	1	0	-0.2	0	0	1
1000	1	0	0	0	0	1	0	0	0	0	1	0	0	0	0	1

配合:		0


12	2
栈桥梁12联结-1/M26垫圈-6
安装鱼尾板
没有标记
sound\栈桥架设拼组.12.mp3

将鱼尾板夹持在梁节钢轨的两侧，凹槽面紧贴钢轨面。

起始状态: 隐藏		终止状态: 显示		移动节点: 1
1000	1	0	0	0	0	1	0	0	0	0	1	0	0	0	-0.2	1
1000	1	0	0	0	0	1	0	0	0	0	1	0	0	0	0	1

配合:		0


12	2
栈桥梁12联结-1/M24×150-k-3
没有标记
没有标记
sound\栈桥架设拼组.12.mp3

将鱼尾板夹持在梁节钢轨的两侧，凹槽面紧贴钢轨面。

起始状态: 隐藏		终止状态: 显示		移动节点: 1
1000	1	0	0	0	0	1	0	0	0	0	1	0	0	0	0.2	1
1000	1	0	0	0	0	1	0	0	0	0	1	0	0	0	0	1

配合:		0


12	2
栈桥梁12联结-1/M26垫圈-3
没有标记
没有标记
sound\栈桥架设拼组.12.mp3

将鱼尾板夹持在梁节钢轨的两侧，凹槽面紧贴钢轨面。

起始状态: 隐藏		终止状态: 显示		移动节点: 1
1000	1	0	0	0	0	1	0	0	0	0	1	0	0	0	-0.2	1
1000	1	0	0	0	0	1	0	0	0	0	1	0	0	0	0	1

配合:		0


12	2
栈桥梁12联结-1/ISO7412-M24x150-k-8
安装鱼尾板
没有标记
sound\栈桥架设拼组.12.mp3

将鱼尾板夹持在梁节钢轨的两侧，凹槽面紧贴钢轨面。

起始状态: 隐藏		终止状态: 显示		移动节点: 1
1000	1	0	0	0	0	1	0	0	0	0	1	0	-0.2	0	0	1
1000	1	0	0	0	0	1	0	0	0	0	1	0	0	0	0	1

配合:		0


12	2
栈桥梁12联结-1/ISO7412-M24x150-k-6
安装鱼尾板
没有标记
sound\栈桥架设拼组.12.mp3

将鱼尾板夹持在梁节钢轨的两侧，凹槽面紧贴钢轨面。

起始状态: 隐藏		终止状态: 显示		移动节点: 1
1000	1	0	0	0	0	1	0	0	0	0	1	0	-0.2	0	0	1
1000	1	0	0	0	0	1	0	0	0	0	1	0	0	0	0	1

配合:		0


12	2
栈桥梁12联结-1/M24×150-k-8
安装鱼尾板
没有标记
sound\栈桥架设拼组.12.mp3

将鱼尾板夹持在梁节钢轨的两侧，凹槽面紧贴钢轨面。

起始状态: 隐藏		终止状态: 显示		移动节点: 1
1000	1	0	0	0	0	1	0	0	0	0	1	0	0	0	0.2	1
1000	1	0	0	0	0	1	0	0	0	0	1	0	0	0	0	1

配合:		0


12	2
栈桥梁12联结-1/M26垫圈-14
安装鱼尾板
没有标记
sound\栈桥架设拼组.12.mp3

将鱼尾板夹持在梁节钢轨的两侧，凹槽面紧贴钢轨面。

起始状态: 隐藏		终止状态: 显示		移动节点: 1
1000	1	0	0	0	0	1	0	0	0	0	1	0	0	0	-0.2	1
1000	1	0	0	0	0	1	0	0	0	0	1	0	0	0	0	1

配合:		0


12	2
栈桥梁12联结-1/M26垫圈-1
安装鱼尾板
没有标记
sound\栈桥架设拼组.12.mp3

将鱼尾板夹持在梁节钢轨的两侧，凹槽面紧贴钢轨面。

起始状态: 隐藏		终止状态: 显示		移动节点: 1
1000	1	0	0	0	0	1	0	0	0	0	1	0	0	0	-0.2	1
1000	1	0	0	0	0	1	0	0	0	0	1	0	0	0	0	1

配合:		0


12	2
栈桥梁12联结-1/M26垫圈-8
安装鱼尾板
没有标记
sound\栈桥架设拼组.12.mp3

将鱼尾板夹持在梁节钢轨的两侧，凹槽面紧贴钢轨面。

起始状态: 隐藏		终止状态: 显示		移动节点: 1
1000	1	0	0	0	0	1	0	0	0	0	1	0	0	0	-0.2	1
1000	1	0	0	0	0	1	0	0	0	0	1	0	0	0	0	1

配合:		0


12	2
栈桥梁12联结-1/M26垫圈-13
安装鱼尾板
没有标记
sound\栈桥架设拼组.12.mp3

将鱼尾板夹持在梁节钢轨的两侧，凹槽面紧贴钢轨面。

起始状态: 隐藏		终止状态: 显示		移动节点: 1
1000	1	0	0	0	0	1	0	0	0	0	1	0	0	0	-0.2	1
1000	1	0	0	0	0	1	0	0	0	0	1	0	0	0	0	1

配合:		0


12	2
栈桥梁12联结-1/M24×150-k-13
安装鱼尾板
没有标记
sound\栈桥架设拼组.12.mp3

将鱼尾板夹持在梁节钢轨的两侧，凹槽面紧贴钢轨面。

起始状态: 隐藏		终止状态: 显示		移动节点: 1
1000	1	0	0	0	0	1	0	0	0	0	1	0	0	0	0.2	1
1000	1	0	0	0	0	1	0	0	0	0	1	0	0	0	0	1

配合:		0


12	2
栈桥梁12联结-1/M24×150-k-2
安装鱼尾板
没有标记
sound\栈桥架设拼组.12.mp3

将鱼尾板夹持在梁节钢轨的两侧，凹槽面紧贴钢轨面。

起始状态: 隐藏		终止状态: 显示		移动节点: 1
1000	1	0	0	0	0	1	0	0	0	0	1	0	0	0	0.2	1
1000	1	0	0	0	0	1	0	0	0	0	1	0	0	0	0	1

配合:		0


12	2
栈桥梁12联结-1/ISO7412-M24x150-k-7
安装鱼尾板
没有标记
sound\栈桥架设拼组.12.mp3

将鱼尾板夹持在梁节钢轨的两侧，凹槽面紧贴钢轨面。

起始状态: 隐藏		终止状态: 显示		移动节点: 1
1000	1	0	0	0	0	1	0	0	0	0	1	0	-0.2	0	0	1
1000	1	0	0	0	0	1	0	0	0	0	1	0	0	0	0	1

配合:		0


12	2
栈桥梁12联结-1/M26垫圈-2
安装鱼尾板
没有标记
sound\栈桥架设拼组.12.mp3

将鱼尾板夹持在梁节钢轨的两侧，凹槽面紧贴钢轨面。

起始状态: 隐藏		终止状态: 显示		移动节点: 1
1000	1	0	0	0	0	1	0	0	0	0	1	0	0	0	-0.2	1
1000	1	0	0	0	0	1	0	0	0	0	1	0	0	0	0	1

配合:		0


12	2
栈桥梁12联结-1/M24×150-k-14
安装鱼尾板
没有标记
sound\栈桥架设拼组.12.mp3

将鱼尾板夹持在梁节钢轨的两侧，凹槽面紧贴钢轨面。

起始状态: 隐藏		终止状态: 显示		移动节点: 1
1000	1	0	0	0	0	1	0	0	0	0	1	0	0	0	0.2	1
1000	1	0	0	0	0	1	0	0	0	0	1	0	0	0	0	1

配合:		0


12	2
栈桥梁12联结-1/ISO7412-M24x150-k-15
安装鱼尾板
没有标记
sound\栈桥架设拼组.12.mp3

将鱼尾板夹持在梁节钢轨的两侧，凹槽面紧贴钢轨面。

起始状态: 隐藏		终止状态: 显示		移动节点: 1
1000	1	0	0	0	0	1	0	0	0	0	1	0	-0.2	0	0	1
1000	1	0	0	0	0	1	0	0	0	0	1	0	0	0	0	1

配合:		0


12	2
栈桥梁12联结-1/M26垫圈-15
安装鱼尾板
没有标记
sound\栈桥架设拼组.12.mp3

将鱼尾板夹持在梁节钢轨的两侧，凹槽面紧贴钢轨面。

起始状态: 隐藏		终止状态: 显示		移动节点: 1
1000	1	0	0	0	0	1	0	0	0	0	1	0	0	0	-0.2	1
1000	1	0	0	0	0	1	0	0	0	0	1	0	0	0	0	1

配合:		0


12	2
栈桥梁12联结-1/ISO7412-M24x150-k-1
安装鱼尾板
没有标记
sound\栈桥架设拼组.12.mp3

将鱼尾板夹持在梁节钢轨的两侧，凹槽面紧贴钢轨面。

起始状态: 隐藏		终止状态: 显示		移动节点: 1
1000	1	0	0	0	0	1	0	0	0	0	1	0	-0.2	0	0	1
1000	1	0	0	0	0	1	0	0	0	0	1	0	0	0	0	1

配合:		0


12	2
栈桥梁12联结-1/M24×150-k-6
安装鱼尾板
没有标记
sound\栈桥架设拼组.12.mp3

将鱼尾板夹持在梁节钢轨的两侧，凹槽面紧贴钢轨面。

起始状态: 隐藏		终止状态: 显示		移动节点: 1
1000	1	0	0	0	0	1	0	0	0	0	1	0	0	0	0.2	1
1000	1	0	0	0	0	1	0	0	0	0	1	0	0	0	0	1

配合:		0


12	2
栈桥梁12联结-1/M24×150-k-7
安装鱼尾板
没有标记
sound\栈桥架设拼组.12.mp3

将鱼尾板夹持在梁节钢轨的两侧，凹槽面紧贴钢轨面。

起始状态: 隐藏		终止状态: 显示		移动节点: 1
1000	1	0	0	0	0	1	0	0	0	0	1	0	0	0	0.2	1
1000	1	0	0	0	0	1	0	0	0	0	1	0	0	0	0	1

配合:		0


12	2
栈桥梁12联结-1/M26垫圈-5
安装鱼尾板
没有标记
sound\栈桥架设拼组.12.mp3

将鱼尾板夹持在梁节钢轨的两侧，凹槽面紧贴钢轨面。

起始状态: 隐藏		终止状态: 显示		移动节点: 1
1000	1	0	0	0	0	1	0	0	0	0	1	0	0	0	-0.2	1
1000	1	0	0	0	0	1	0	0	0	0	1	0	0	0	0	1

配合:		0


12	2
栈桥梁12联结-1/ISO7412-M24x150-k-13
安装鱼尾板
没有标记
sound\栈桥架设拼组.12.mp3

将鱼尾板夹持在梁节钢轨的两侧，凹槽面紧贴钢轨面。

起始状态: 隐藏		终止状态: 显示		移动节点: 1
1000	1	0	0	0	0	1	0	0	0	0	1	0	-0.2	0	0	1
1000	1	0	0	0	0	1	0	0	0	0	1	0	0	0	0	1

配合:		0


12	2
栈桥梁12联结-1/M24×150-k-16
安装鱼尾板
没有标记
sound\栈桥架设拼组.12.mp3

将鱼尾板夹持在梁节钢轨的两侧，凹槽面紧贴钢轨面。

起始状态: 隐藏		终止状态: 显示		移动节点: 1
1000	1	0	0	0	0	1	0	0	0	0	1	0	0	0	0.2	1
1000	1	0	0	0	0	1	0	0	0	0	1	0	0	0	0	1

配合:		0


12	2
栈桥梁12联结-1/ISO7412-M24x150-k-5
安装鱼尾板
没有标记
sound\栈桥架设拼组.12.mp3

将鱼尾板夹持在梁节钢轨的两侧，凹槽面紧贴钢轨面。

起始状态: 隐藏		终止状态: 显示		移动节点: 1
1000	1	0	0	0	0	1	0	0	0	0	1	0	-0.2	0	0	1
1000	1	0	0	0	0	1	0	0	0	0	1	0	0	0	0	1

配合:		0


12	2
栈桥梁12联结-1/M24×150-k-5
安装鱼尾板
没有标记
sound\栈桥架设拼组.12.mp3

将鱼尾板夹持在梁节钢轨的两侧，凹槽面紧贴钢轨面。

起始状态: 隐藏		终止状态: 显示		移动节点: 1
1000	1	0	0	0	0	1	0	0	0	0	1	0	0	0	0.2	1
1000	1	0	0	0	0	1	0	0	0	0	1	0	0	0	0	1

配合:		0


12	2
栈桥梁12联结-1/ISO7412-M24x150-k-4
没有标记
没有标记
sound\栈桥架设拼组.12.mp3

将鱼尾板夹持在梁节钢轨的两侧，凹槽面紧贴钢轨面。

起始状态: 隐藏		终止状态: 显示		移动节点: 1
1000	1	0	0	0	0	1	0	0	0	0	1	0	-0.2	0	0	1
1000	1	0	0	0	0	1	0	0	0	0	1	0	0	0	0	1

配合:		0


12	2
栈桥梁12联结-1/M24×150-k-3
没有标记
没有标记
sound\栈桥架设拼组.12.mp3

将鱼尾板夹持在梁节钢轨的两侧，凹槽面紧贴钢轨面。

起始状态: 隐藏		终止状态: 显示		移动节点: 1
1000	1	0	0	0	0	1	0	0	0	0	1	0	0	0	0.2	1
1000	1	0	0	0	0	1	0	0	0	0	1	0	0	0	0	1

配合:		0


12	2
栈桥梁12联结-1/ISO7412-M24x150-k-16
安装鱼尾板
没有标记
sound\栈桥架设拼组.12.mp3

将鱼尾板夹持在梁节钢轨的两侧，凹槽面紧贴钢轨面。

起始状态: 隐藏		终止状态: 显示		移动节点: 1
1000	1	0	0	0	0	1	0	0	0	0	1	0	-0.2	0	0	1
1000	1	0	0	0	0	1	0	0	0	0	1	0	0	0	0	1

配合:		0


13	1
栈桥梁12联结-1/JB8G_螺栓-5
安装轨卡及轨卡螺栓
没有标记
sound\栈桥架设拼组.13.mp3

安装轨卡及轨卡螺栓，固定短轨。

起始状态: 隐藏		终止状态: 显示		移动节点: 1
1000	1	0	0	0	0	1	0	0	0	0	1	0	0	0.2	0	1
1000	1	0	0	0	0	1	0	0	0	0	1	0	0	0	0	1

配合:		0


13	1
栈桥梁12联结-1/JB8G_螺栓-6
安装轨卡及轨卡螺栓
没有标记
sound\栈桥架设拼组.13.mp3

安装轨卡及轨卡螺栓，固定短轨。

起始状态: 隐藏		终止状态: 显示		移动节点: 1
1000	1	0	0	0	0	1	0	0	0	0	1	0	0	-0.2	0	1
1000	1	0	0	0	0	1	0	0	0	0	1	0	0	0	0	1

配合:		0


13	2
栈桥梁12联结-1/JB7G-5
安装轨卡及轨卡螺栓
没有标记
sound\栈桥架设拼组.13.mp3

安装轨卡及轨卡螺栓，固定短轨。

起始状态: 隐藏		终止状态: 显示		移动节点: 1
1000	1	0	0	0	0	1	0	0	0	0	1	0	0	0.2	0	1
1000	1	0	0	0	0	1	0	0	0	0	1	0	0	0	0	1

配合:		0


13	2
栈桥梁12联结-1/JB7G-6
安装轨卡及轨卡螺栓
没有标记
sound\栈桥架设拼组.13.mp3

安装轨卡及轨卡螺栓，固定短轨。

起始状态: 隐藏		终止状态: 显示		移动节点: 1
1000	1	0	0	0	0	1	0	0	0	0	1	0	0	0.2	0	1
1000	1	0	0	0	0	1	0	0	0	0	1	0	0	0	0	1

配合:		0


13	3
栈桥梁12联结-1/JB8G_螺母-5
安装轨卡及轨卡螺栓
没有标记
sound\栈桥架设拼组.13.mp3

安装轨卡及轨卡螺栓，固定短轨。

起始状态: 隐藏		终止状态: 显示		移动节点: 1
1000	1	0	0	0	0	1	0	0	0	0	1	0	0	0	-0.2	1
1000	1	0	0	0	0	1	0	0	0	0	1	0	0	0	0	1

配合:		0


13	3
栈桥梁12联结-1/JB8G_螺母-6
安装轨卡及轨卡螺栓
没有标记
sound\栈桥架设拼组.13.mp3

安装轨卡及轨卡螺栓，固定短轨。

起始状态: 隐藏		终止状态: 显示		移动节点: 1
1000	1	0	0	0	0	1	0	0	0	0	1	0	0	0	-0.2	1
1000	1	0	0	0	0	1	0	0	0	0	1	0	0	0	0	1

配合:		0


14	1
栈桥梁12联结-1/JB8G_螺栓-1
安装轨卡及轨卡螺栓
没有标记
sound\栈桥架设拼组.14.mp3

安装轨卡及轨卡螺栓，固定短轨。

起始状态: 隐藏		终止状态: 显示		移动节点: 1
1000	1	0	0	0	0	1	0	0	0	0	1	0	0	0.2	0	1
1000	1	0	0	0	0	1	0	0	0	0	1	0	0	0	0	1

配合:		0


14	1
栈桥梁12联结-1/JB8G_螺栓-3
安装轨卡及轨卡螺栓
没有标记
sound\栈桥架设拼组.14.mp3

安装轨卡及轨卡螺栓，固定短轨。

起始状态: 隐藏		终止状态: 显示		移动节点: 1
1000	1	0	0	0	0	1	0	0	0	0	1	0	0	-0.2	0	1
1000	1	0	0	0	0	1	0	0	0	0	1	0	0	0	0	1

配合:		0


14	1
栈桥梁12联结-1/JB8G_螺栓-4
安装轨卡及轨卡螺栓
没有标记
sound\栈桥架设拼组.14.mp3

安装轨卡及轨卡螺栓，固定短轨。

起始状态: 隐藏		终止状态: 显示		移动节点: 1
1000	1	0	0	0	0	1	0	0	0	0	1	0	0	0.2	0	1
1000	1	0	0	0	0	1	0	0	0	0	1	0	0	0	0	1

配合:		0


14	1
栈桥梁12联结-1/JB8G_螺栓-7
安装轨卡及轨卡螺栓
没有标记
sound\栈桥架设拼组.14.mp3

安装轨卡及轨卡螺栓，固定短轨。

起始状态: 隐藏		终止状态: 显示		移动节点: 1
1000	1	0	0	0	0	1	0	0	0	0	1	0	0	0.2	0	1
1000	1	0	0	0	0	1	0	0	0	0	1	0	0	0	0	1

配合:		0


14	1
栈桥梁12联结-1/JB8G_螺栓-2
安装轨卡及轨卡螺栓
没有标记
sound\栈桥架设拼组.14.mp3

安装轨卡及轨卡螺栓，固定短轨。

起始状态: 隐藏		终止状态: 显示		移动节点: 1
1000	1	0	0	0	0	1	0	0	0	0	1	0	0	-0.2	0	1
1000	1	0	0	0	0	1	0	0	0	0	1	0	0	0	0	1

配合:		0


14	1
栈桥梁12联结-1/JB8G_螺栓-8
安装轨卡及轨卡螺栓
没有标记
sound\栈桥架设拼组.14.mp3

安装轨卡及轨卡螺栓，固定短轨。

起始状态: 隐藏		终止状态: 显示		移动节点: 1
1000	1	0	0	0	0	1	0	0	0	0	1	0	0	-0.2	0	1
1000	1	0	0	0	0	1	0	0	0	0	1	0	0	0	0	1

配合:		0


14	2
栈桥梁12联结-1/JB7G-2
安装轨卡及轨卡螺栓
没有标记
sound\栈桥架设拼组.14.mp3

安装轨卡及轨卡螺栓，固定短轨。

起始状态: 隐藏		终止状态: 显示		移动节点: 1
1000	1	0	0	0	0	1	0	0	0	0	1	0	0	0.2	0	1
1000	1	0	0	0	0	1	0	0	0	0	1	0	0	0	0	1

配合:		0


14	2
栈桥梁12联结-1/JB7G-4
安装轨卡及轨卡螺栓
没有标记
sound\栈桥架设拼组.14.mp3

安装轨卡及轨卡螺栓，固定短轨。

起始状态: 隐藏		终止状态: 显示		移动节点: 1
1000	1	0	0	0	0	1	0	0	0	0	1	0	0	0.2	0	1
1000	1	0	0	0	0	1	0	0	0	0	1	0	0	0	0	1

配合:		0


14	2
栈桥梁12联结-1/JB7G-1
安装轨卡及轨卡螺栓
没有标记
sound\栈桥架设拼组.14.mp3

安装轨卡及轨卡螺栓，固定短轨。

起始状态: 隐藏		终止状态: 显示		移动节点: 1
1000	1	0	0	0	0	1	0	0	0	0	1	0	0	0.2	0	1
1000	1	0	0	0	0	1	0	0	0	0	1	0	0	0	0	1

配合:		0


14	2
栈桥梁12联结-1/JB7G-7
安装轨卡及轨卡螺栓
没有标记
sound\栈桥架设拼组.14.mp3

安装轨卡及轨卡螺栓，固定短轨。

起始状态: 隐藏		终止状态: 显示		移动节点: 1
1000	1	0	0	0	0	1	0	0	0	0	1	0	0	0.2	0	1
1000	1	0	0	0	0	1	0	0	0	0	1	0	0	0	0	1

配合:		0


14	2
栈桥梁12联结-1/JB7G-8
安装轨卡及轨卡螺栓
没有标记
sound\栈桥架设拼组.14.mp3

安装轨卡及轨卡螺栓，固定短轨。

起始状态: 隐藏		终止状态: 显示		移动节点: 1
1000	1	0	0	0	0	1	0	0	0	0	1	0	0	0.2	0	1
1000	1	0	0	0	0	1	0	0	0	0	1	0	0	0	0	1

配合:		0


14	2
栈桥梁12联结-1/JB7G-3
安装轨卡及轨卡螺栓
没有标记
sound\栈桥架设拼组.14.mp3

安装轨卡及轨卡螺栓，固定短轨。

起始状态: 隐藏		终止状态: 显示		移动节点: 1
1000	1	0	0	0	0	1	0	0	0	0	1	0	0	0.2	0	1
1000	1	0	0	0	0	1	0	0	0	0	1	0	0	0	0	1

配合:		0


14	3
栈桥梁12联结-1/JB8G_螺母-4
安装轨卡及轨卡螺栓
没有标记
sound\栈桥架设拼组.14.mp3

安装轨卡及轨卡螺栓，固定短轨。

起始状态: 隐藏		终止状态: 显示		移动节点: 1
1000	1	0	0	0	0	1	0	0	0	0	1	0	0	0	-0.2	1
1000	1	0	0	0	0	1	0	0	0	0	1	0	0	0	0	1

配合:		0


14	3
栈桥梁12联结-1/JB8G_螺母-3
安装轨卡及轨卡螺栓
没有标记
sound\栈桥架设拼组.14.mp3

安装轨卡及轨卡螺栓，固定短轨。

起始状态: 隐藏		终止状态: 显示		移动节点: 1
1000	1	0	0	0	0	1	0	0	0	0	1	0	0	0	-0.2	1
1000	1	0	0	0	0	1	0	0	0	0	1	0	0	0	0	1

配合:		0


14	3
栈桥梁12联结-1/JB8G_螺母-1
安装轨卡及轨卡螺栓
没有标记
sound\栈桥架设拼组.14.mp3

安装轨卡及轨卡螺栓，固定短轨。

起始状态: 隐藏		终止状态: 显示		移动节点: 1
1000	1	0	0	0	0	1	0	0	0	0	1	0	0	0	-0.2	1
1000	1	0	0	0	0	1	0	0	0	0	1	0	0	0	0	1

配合:		0


14	3
栈桥梁12联结-1/JB8G_螺母-2
安装轨卡及轨卡螺栓
没有标记
sound\栈桥架设拼组.14.mp3

安装轨卡及轨卡螺栓，固定短轨。

起始状态: 隐藏		终止状态: 显示		移动节点: 1
1000	1	0	0	0	0	1	0	0	0	0	1	0	0	0	-0.2	1
1000	1	0	0	0	0	1	0	0	0	0	1	0	0	0	0	1

配合:		0


14	3
栈桥梁12联结-1/JB8G_螺母-7
安装轨卡及轨卡螺栓
没有标记
sound\栈桥架设拼组.14.mp3

安装轨卡及轨卡螺栓，固定短轨。

起始状态: 隐藏		终止状态: 显示		移动节点: 1
1000	1	0	0	0	0	1	0	0	0	0	1	0	0	0	-0.2	1
1000	1	0	0	0	0	1	0	0	0	0	1	0	0	0	0	1

配合:		0


14	3
栈桥梁12联结-1/JB8G_螺母-8
安装轨卡及轨卡螺栓
没有标记
sound\栈桥架设拼组.14.mp3

安装轨卡及轨卡螺栓，固定短轨。

起始状态: 隐藏		终止状态: 显示		移动节点: 1
1000	1	0	0	0	0	1	0	0	0	0	1	0	0	0	-0.2	1
1000	1	0	0	0	0	1	0	0	0	0	1	0	0	0	0	1

配合:		0


