1	1
20T低平板车-1
平板汽车装载标准舟节
没有标记
sound\汽车装载标准舟节1.mp3

半挂汽车就位，准备装载标准舟节。

起始状态: 隐藏		终止状态: 显示		移动节点: 1
1000	1	0	0	0	0	1	0	0	0	0	1	0	0	0	0	1
1000	1	0	0	0	0	1	0	0	0	0	1	0	0	0	0	1

配合:		0


2	1
组合的标准舟节-1
标准舟节装车
没有标记
sound\汽车装载标准舟节2.mp3

将2节标准舟节用联结角钢联结在一起，整体吊装至半挂汽车上。

起始状态: 隐藏		终止状态: 显示		移动节点: 1
2000	1	0	0	0	0	1	0	0	0	0	1	0	0	0	-3	1
2000	1	0	0	0	0	1	0	0	0	0	1	0	0	0	0	1

配合:		0


3	1
绳5-2
钢丝绳捆绑
没有标记
sound\汽车装载标准舟节3.mp3

用钢丝绳将标准舟节捆绑起来，固定在汽车上。

起始状态: 隐藏		终止状态: 显示		移动节点: 1
1500	1	0	0	0	0	1	0	0	0	0	1	0	0	3	0	1
1500	1	0	0	0	0	1	0	0	0	0	1	0	0	0	0	1

配合:		0


3	1
绳5-1
钢丝绳捆绑
没有标记
sound\汽车装载标准舟节3.mp3

用钢丝绳将标准舟节捆绑起来，固定在汽车上。

起始状态: 隐藏		终止状态: 显示		移动节点: 1
1500	1	0	0	0	0	1	0	0	0	0	1	0	0	3	0	1
1500	1	0	0	0	0	1	0	0	0	0	1	0	0	0	0	1

配合:		0


4	1
绳6-4
钢丝绳捆绑
没有标记
sound\汽车装载标准舟节4.mp3

用钢丝绳将标准舟节捆绑起来，固定在汽车上。

起始状态: 隐藏		终止状态: 显示		移动节点: 1
1500	1	0	0	0	0	1	0	0	0	0	1	0	0	0	0	1
1500	1	0	0	0	0	1	0	0	0	0	1	0	0	0	0	1

配合:		0


4	1
绳6-3
钢丝绳捆绑
没有标记
sound\汽车装载标准舟节4.mp3

用钢丝绳将标准舟节捆绑起来，固定在汽车上。

起始状态: 隐藏		终止状态: 显示		移动节点: 1
1500	1	0	0	0	0	1	0	0	0	0	1	0	0	0	0	1
1500	1	0	0	0	0	1	0	0	0	0	1	0	0	0	0	1

配合:		0


4	1
绳6-2
钢丝绳捆绑
没有标记
sound\汽车装载标准舟节4.mp3

用钢丝绳将标准舟节捆绑起来，固定在汽车上。

起始状态: 隐藏		终止状态: 显示		移动节点: 1
1500	1	0	0	0	0	1	0	0	0	0	1	0	0	0	0	1
1500	1	0	0	0	0	1	0	0	0	0	1	0	0	0	0	1

配合:		0


4	1
绳6-1
钢丝绳捆绑
没有标记
sound\汽车装载标准舟节4.mp3

用钢丝绳将标准舟节捆绑起来，固定在汽车上。

起始状态: 隐藏		终止状态: 显示		移动节点: 1
1500	1	0	0	0	0	1	0	0	0	0	1	0	0	0	0	1
1500	1	0	0	0	0	1	0	0	0	0	1	0	0	0	0	1

配合:		0


