1	1
标准梁节-1
安装工字钢D11
没有标记
sound\通航孔装置拼组1.mp3

工字钢安装在梁端两腹板中间与导向杆同一水平位置上，两头与法兰钣加劲肋相连，供滚轮导向作用。

起始状态: 隐藏		终止状态: 显示		移动节点: 1
1500	1	0	0	0	0	1	0	0	0	0	1	0	0	3	0	1
1500	1	0	0	0	0	1	0	0	0	0	1	0	0	0	0	1

配合:		0


1	2
工字钢D11-1
安装工字钢D11
没有标记
sound\通航孔装置拼组1.mp3

工字钢安装在梁端两腹板中间与导向杆同一水平位置上，两头与法兰钣加劲肋相连，供滚轮导向作用。

起始状态: 隐藏		终止状态: 显示		移动节点: 1
1500	1	0	0	0	0	1	0	0	0	0	1	0	0	0.5	0	1
1500	1	0	0	0	0	1	0	0	0	0	1	0	0	0	0	1

配合:		0


1	3
M22x60-24
安装工字钢D11
没有标记
sound\通航孔装置拼组1.mp3

工字钢安装在梁端两腹板中间与导向杆同一水平位置上，两头与法兰钣加劲肋相连，供滚轮导向作用。

起始状态: 隐藏		终止状态: 显示		移动节点: 1
1000	1	0	0	0	0	1	0	0	0	0	1	0	-0.8	0	0	1
1000	1	0	0	0	0	1	0	0	0	0	1	0	0	0	0	1

配合:		0


1	3
M22螺母-31
安装工字钢D11
没有标记
sound\通航孔装置拼组1.mp3

工字钢安装在梁端两腹板中间与导向杆同一水平位置上，两头与法兰钣加劲肋相连，供滚轮导向作用。

起始状态: 隐藏		终止状态: 显示		移动节点: 1
1000	1	0	0	0	0	1	0	0	0	0	1	0	0	0	0.5	1
1000	1	0	0	0	0	1	0	0	0	0	1	0	0	0	0	1

配合:		0


1	3
垫圈M22-32
安装工字钢D11
没有标记
sound\通航孔装置拼组1.mp3

工字钢安装在梁端两腹板中间与导向杆同一水平位置上，两头与法兰钣加劲肋相连，供滚轮导向作用。

起始状态: 隐藏		终止状态: 显示		移动节点: 1
1000	1	0	0	0	0	1	0	0	0	0	1	0	-0.5	0	0	1
1000	1	0	0	0	0	1	0	0	0	0	1	0	0	0	0	1

配合:		0


1	3
M22x60-26
安装工字钢D11
没有标记
sound\通航孔装置拼组1.mp3

工字钢安装在梁端两腹板中间与导向杆同一水平位置上，两头与法兰钣加劲肋相连，供滚轮导向作用。

起始状态: 隐藏		终止状态: 显示		移动节点: 1
1000	1	0	0	0	0	1	0	0	0	0	1	0	-0.8	0	0	1
1000	1	0	0	0	0	1	0	0	0	0	1	0	0	0	0	1

配合:		0


1	3
M22螺母-32
安装工字钢D11
没有标记
sound\通航孔装置拼组1.mp3

工字钢安装在梁端两腹板中间与导向杆同一水平位置上，两头与法兰钣加劲肋相连，供滚轮导向作用。

起始状态: 隐藏		终止状态: 显示		移动节点: 1
1000	1	0	0	0	0	1	0	0	0	0	1	0	0	0	0.5	1
1000	1	0	0	0	0	1	0	0	0	0	1	0	0	0	0	1

配合:		0


1	3
M22螺母-30
安装工字钢D11
没有标记
sound\通航孔装置拼组1.mp3

工字钢安装在梁端两腹板中间与导向杆同一水平位置上，两头与法兰钣加劲肋相连，供滚轮导向作用。

起始状态: 隐藏		终止状态: 显示		移动节点: 1
1000	1	0	0	0	0	1	0	0	0	0	1	0	0	0	0.5	1
1000	1	0	0	0	0	1	0	0	0	0	1	0	0	0	0	1

配合:		0


1	3
垫圈M22-35
安装工字钢D11
没有标记
sound\通航孔装置拼组1.mp3

工字钢安装在梁端两腹板中间与导向杆同一水平位置上，两头与法兰钣加劲肋相连，供滚轮导向作用。

起始状态: 隐藏		终止状态: 显示		移动节点: 1
1000	1	0	0	0	0	1	0	0	0	0	1	0	-0.5	0	0	1
1000	1	0	0	0	0	1	0	0	0	0	1	0	0	0	0	1

配合:		0


1	3
M22x60-25
安装工字钢D11
没有标记
sound\通航孔装置拼组1.mp3

工字钢安装在梁端两腹板中间与导向杆同一水平位置上，两头与法兰钣加劲肋相连，供滚轮导向作用。

起始状态: 隐藏		终止状态: 显示		移动节点: 1
1000	1	0	0	0	0	1	0	0	0	0	1	0	-0.8	0	0	1
1000	1	0	0	0	0	1	0	0	0	0	1	0	0	0	0	1

配合:		0


1	3
M22螺母-33
安装工字钢D11
没有标记
sound\通航孔装置拼组1.mp3

工字钢安装在梁端两腹板中间与导向杆同一水平位置上，两头与法兰钣加劲肋相连，供滚轮导向作用。

起始状态: 隐藏		终止状态: 显示		移动节点: 1
1000	1	0	0	0	0	1	0	0	0	0	1	0	0	0	0.5	1
1000	1	0	0	0	0	1	0	0	0	0	1	0	0	0	0	1

配合:		0


1	3
M22x60-27
安装工字钢D11
没有标记
sound\通航孔装置拼组1.mp3

工字钢安装在梁端两腹板中间与导向杆同一水平位置上，两头与法兰钣加劲肋相连，供滚轮导向作用。

起始状态: 隐藏		终止状态: 显示		移动节点: 1
1000	1	0	0	0	0	1	0	0	0	0	1	0	-0.8	0	0	1
1000	1	0	0	0	0	1	0	0	0	0	1	0	0	0	0	1

配合:		0


1	3
垫圈M22-33
安装工字钢D11
没有标记
sound\通航孔装置拼组1.mp3

工字钢安装在梁端两腹板中间与导向杆同一水平位置上，两头与法兰钣加劲肋相连，供滚轮导向作用。

起始状态: 隐藏		终止状态: 显示		移动节点: 1
1000	1	0	0	0	0	1	0	0	0	0	1	0	-0.5	0	0	1
1000	1	0	0	0	0	1	0	0	0	0	1	0	0	0	0	1

配合:		0


1	3
垫圈M22-34
安装工字钢D11
没有标记
sound\通航孔装置拼组1.mp3

工字钢安装在梁端两腹板中间与导向杆同一水平位置上，两头与法兰钣加劲肋相连，供滚轮导向作用。

起始状态: 隐藏		终止状态: 显示		移动节点: 1
1000	1	0	0	0	0	1	0	0	0	0	1	0	-0.5	0	0	1
1000	1	0	0	0	0	1	0	0	0	0	1	0	0	0	0	1

配合:		0


2	1
导向杆-3
安装导向杆
没有标记
sound\通航孔装置拼组2.mp3

导向杆连接在梁节端部的法兰钣最下一块加劲肋钣上，带弯曲的一端伸出梁外起导向作用。

起始状态: 隐藏		终止状态: 显示		移动节点: 1
1500	1	0	0	0	0	1	0	0	0	0	1	0	1	0.5	0	1
1500	1	0	0	0	0	1	0	0	0	0	1	0	0	0	0	1

配合:		0


2	1
导向杆-1
安装导向杆
没有标记
sound\通航孔装置拼组2.mp3

导向杆连接在梁节端部的法兰钣最下一块加劲肋钣上，带弯曲的一端伸出梁外起导向作用。

起始状态: 隐藏		终止状态: 显示		移动节点: 1
1500	1	0	0	0	0	1	0	0	0	0	1	0	1	0.5	0	1
1500	1	0	0	0	0	1	0	0	0	0	1	0	0	0	0	1

配合:		1
没有标记
导向杆-1	2	16
标准梁节-1	0	1213


2	2
垫圈M22-46
安装导向杆
没有标记
sound\通航孔装置拼组2.mp3

导向杆连接在梁节端部的法兰钣最下一块加劲肋钣上，带弯曲的一端伸出梁外起导向作用。

起始状态: 隐藏		终止状态: 显示		移动节点: 1
1000	1	0	0	0	0	1	0	0	0	0	1	0	-0.5	0	0	1
1000	1	0	0	0	0	1	0	0	0	0	1	0	0	0	0	1

配合:		0


2	2
垫圈M22-58
安装导向杆
没有标记
sound\通航孔装置拼组2.mp3

导向杆连接在梁节端部的法兰钣最下一块加劲肋钣上，带弯曲的一端伸出梁外起导向作用。

起始状态: 隐藏		终止状态: 显示		移动节点: 1
1000	1	0	0	0	0	1	0	0	0	0	1	0	-0.5	0	0	1
1000	1	0	0	0	0	1	0	0	0	0	1	0	0	0	0	1

配合:		0


2	2
垫圈M22-2
安装导向杆
没有标记
sound\通航孔装置拼组2.mp3

导向杆连接在梁节端部的法兰钣最下一块加劲肋钣上，带弯曲的一端伸出梁外起导向作用。

起始状态: 隐藏		终止状态: 显示		移动节点: 1
1000	1	0	0	0	0	1	0	0	0	0	1	0	-0.5	0	0	1
1000	1	0	0	0	0	1	0	0	0	0	1	0	0	0	0	1

配合:		0


2	2
M22螺母-58
安装导向杆
没有标记
sound\通航孔装置拼组2.mp3

导向杆连接在梁节端部的法兰钣最下一块加劲肋钣上，带弯曲的一端伸出梁外起导向作用。

起始状态: 隐藏		终止状态: 显示		移动节点: 1
1000	1	0	0	0	0	1	0	0	0	0	1	0	0	0	0.5	1
1000	1	0	0	0	0	1	0	0	0	0	1	0	0	0	0	1

配合:		0


2	2
垫圈M22-1
安装导向杆
没有标记
sound\通航孔装置拼组2.mp3

导向杆连接在梁节端部的法兰钣最下一块加劲肋钣上，带弯曲的一端伸出梁外起导向作用。

起始状态: 隐藏		终止状态: 显示		移动节点: 1
1000	1	0	0	0	0	1	0	0	0	0	1	0	-0.5	0	0	1
1000	1	0	0	0	0	1	0	0	0	0	1	0	0	0	0	1

配合:		0


2	2
M22x80-16
安装导向杆
没有标记
sound\通航孔装置拼组2.mp3

导向杆连接在梁节端部的法兰钣最下一块加劲肋钣上，带弯曲的一端伸出梁外起导向作用。

起始状态: 隐藏		终止状态: 显示		移动节点: 1
1000	1	0	0	0	0	1	0	0	0	0	1	0	-0.5	0	0	1
1000	1	0	0	0	0	1	0	0	0	0	1	0	0	0	0	1

配合:		0


2	2
M22螺母-2
安装导向杆
没有标记
sound\通航孔装置拼组2.mp3

导向杆连接在梁节端部的法兰钣最下一块加劲肋钣上，带弯曲的一端伸出梁外起导向作用。

起始状态: 隐藏		终止状态: 显示		移动节点: 1
1000	1	0	0	0	0	1	0	0	0	0	1	0	0	0	0.5	1
1000	1	0	0	0	0	1	0	0	0	0	1	0	0	0	0	1

配合:		0


2	2
M22x80-19
安装导向杆
没有标记
sound\通航孔装置拼组2.mp3

导向杆连接在梁节端部的法兰钣最下一块加劲肋钣上，带弯曲的一端伸出梁外起导向作用。

起始状态: 隐藏		终止状态: 显示		移动节点: 1
1000	1	0	0	0	0	1	0	0	0	0	1	0	-0.5	0	0	1
1000	1	0	0	0	0	1	0	0	0	0	1	0	0	0	0	1

配合:		0


2	2
M22螺母-44
安装导向杆
没有标记
sound\通航孔装置拼组2.mp3

导向杆连接在梁节端部的法兰钣最下一块加劲肋钣上，带弯曲的一端伸出梁外起导向作用。

起始状态: 隐藏		终止状态: 显示		移动节点: 1
1000	1	0	0	0	0	1	0	0	0	0	1	0	0	0	0.5	1
1000	1	0	0	0	0	1	0	0	0	0	1	0	0	0	0	1

配合:		0


2	2
M22螺母-1
安装导向杆
没有标记
sound\通航孔装置拼组2.mp3

导向杆连接在梁节端部的法兰钣最下一块加劲肋钣上，带弯曲的一端伸出梁外起导向作用。

起始状态: 隐藏		终止状态: 显示		移动节点: 1
1000	1	0	0	0	0	1	0	0	0	0	1	0	0	0	0.5	1
1000	1	0	0	0	0	1	0	0	0	0	1	0	0	0	0	1

配合:		0


2	2
M22x80-3
安装导向杆
没有标记
sound\通航孔装置拼组2.mp3

导向杆连接在梁节端部的法兰钣最下一块加劲肋钣上，带弯曲的一端伸出梁外起导向作用。

起始状态: 隐藏		终止状态: 显示		移动节点: 1
1000	1	0	0	0	0	1	0	0	0	0	1	0	-0.5	0	0	1
1000	1	0	0	0	0	1	0	0	0	0	1	0	0	0	0	1

配合:		0


2	2
M22x80-2
安装导向杆
没有标记
sound\通航孔装置拼组2.mp3

导向杆连接在梁节端部的法兰钣最下一块加劲肋钣上，带弯曲的一端伸出梁外起导向作用。

起始状态: 隐藏		终止状态: 显示		移动节点: 1
1000	1	0	0	0	0	1	0	0	0	0	1	0	-0.5	0	0	1
1000	1	0	0	0	0	1	0	0	0	0	1	0	0	0	0	1

配合:		0


3	1
联接角钢D6-1
安装联结角钢
没有标记
sound\通航孔装置拼组3.mp3

联接角钢为连接标准梁腹钣与D5节点钣之用。使用时注意D6与D7互为反对称孔眼。

起始状态: 隐藏		终止状态: 显示		移动节点: 1
1500	1	0	0	0	0	1	0	0	0	0	1	0	0	1	0	1
1500	1	0	0	0	0	1	0	0	0	0	1	0	0	0	0	1

配合:		1
没有标记
联接角钢D6-1	0	0
标准梁节-1	0	37


3	1
联接角钢D7-1
安装联结角钢
没有标记
sound\通航孔装置拼组3.mp3

联接角钢为连接标准梁腹钣与D5节点钣之用。使用时注意D6与D7互为反对称孔眼。

起始状态: 隐藏		终止状态: 显示		移动节点: 1
1500	1	0	0	0	0	1	0	0	0	0	1	0	0	1	0	1
1500	1	0	0	0	0	1	0	0	0	0	1	0	0	0	0	1

配合:		0


3	2
垫圈M22-4
安装联结角钢
没有标记
sound\通航孔装置拼组3.mp3

联接角钢为连接标准梁腹钣与D5节点钣之用。使用时注意D6与D7互为反对称孔眼。

起始状态: 隐藏		终止状态: 显示		移动节点: 1
1000	1	0	0	0	0	1	0	0	0	0	1	0	-0.5	0	0	1
1000	1	0	0	0	0	1	0	0	0	0	1	0	0	0	0	1

配合:		0


3	2
M22x60-3
安装联结角钢
没有标记
sound\通航孔装置拼组3.mp3

联接角钢为连接标准梁腹钣与D5节点钣之用。使用时注意D6与D7互为反对称孔眼。

起始状态: 隐藏		终止状态: 显示		移动节点: 1
1000	1	0	0	0	0	1	0	0	0	0	1	0	-0.5	0	0	1
1000	1	0	0	0	0	1	0	0	0	0	1	0	0	0	0	1

配合:		0


3	2
垫圈M22-38
安装联结角钢
没有标记
sound\通航孔装置拼组3.mp3

联接角钢为连接标准梁腹钣与D5节点钣之用。使用时注意D6与D7互为反对称孔眼。

起始状态: 隐藏		终止状态: 显示		移动节点: 1
1000	1	0	0	0	0	1	0	0	0	0	1	0	-0.5	0	0	1
1000	1	0	0	0	0	1	0	0	0	0	1	0	0	0	0	1

配合:		0


3	2
M22螺母-34
安装联结角钢
没有标记
sound\通航孔装置拼组3.mp3

联接角钢为连接标准梁腹钣与D5节点钣之用。使用时注意D6与D7互为反对称孔眼。

起始状态: 隐藏		终止状态: 显示		移动节点: 1
1000	1	0	0	0	0	1	0	0	0	0	1	0	0	0	0.5	1
1000	1	0	0	0	0	1	0	0	0	0	1	0	0	0	0	1

配合:		0


3	2
M22x60-2
安装联结角钢
没有标记
sound\通航孔装置拼组3.mp3

联接角钢为连接标准梁腹钣与D5节点钣之用。使用时注意D6与D7互为反对称孔眼。

起始状态: 隐藏		终止状态: 显示		移动节点: 1
1000	1	0	0	0	0	1	0	0	0	0	1	0	-0.5	0	0	1
1000	1	0	0	0	0	1	0	0	0	0	1	0	0	0	0	1

配合:		0


3	2
M22螺母-4
安装联结角钢
没有标记
sound\通航孔装置拼组3.mp3

联接角钢为连接标准梁腹钣与D5节点钣之用。使用时注意D6与D7互为反对称孔眼。

起始状态: 隐藏		终止状态: 显示		移动节点: 1
1000	1	0	0	0	0	1	0	0	0	0	1	0	0	0	0.5	1
1000	1	0	0	0	0	1	0	0	0	0	1	0	0	0	0	1

配合:		0


3	2
M22x60-4
安装联结角钢
没有标记
sound\通航孔装置拼组3.mp3

联接角钢为连接标准梁腹钣与D5节点钣之用。使用时注意D6与D7互为反对称孔眼。

起始状态: 隐藏		终止状态: 显示		移动节点: 1
1000	1	0	0	0	0	1	0	0	0	0	1	0	-0.5	0	0	1
1000	1	0	0	0	0	1	0	0	0	0	1	0	0	0	0	1

配合:		0


3	2
M22x60-30
安装联结角钢
没有标记
sound\通航孔装置拼组3.mp3

联接角钢为连接标准梁腹钣与D5节点钣之用。使用时注意D6与D7互为反对称孔眼。

起始状态: 隐藏		终止状态: 显示		移动节点: 1
1000	1	0	0	0	0	1	0	0	0	0	1	0	-0.5	0	0	1
1000	1	0	0	0	0	1	0	0	0	0	1	0	0	0	0	1

配合:		0


3	2
M22螺母-5
安装联结角钢
没有标记
sound\通航孔装置拼组3.mp3

联接角钢为连接标准梁腹钣与D5节点钣之用。使用时注意D6与D7互为反对称孔眼。

起始状态: 隐藏		终止状态: 显示		移动节点: 1
1000	1	0	0	0	0	1	0	0	0	0	1	0	0	0	0.5	1
1000	1	0	0	0	0	1	0	0	0	0	1	0	0	0	0	1

配合:		0


3	2
M22x60-29
安装联结角钢
没有标记
sound\通航孔装置拼组3.mp3

联接角钢为连接标准梁腹钣与D5节点钣之用。使用时注意D6与D7互为反对称孔眼。

起始状态: 隐藏		终止状态: 显示		移动节点: 1
1000	1	0	0	0	0	1	0	0	0	0	1	0	-0.5	0	0	1
1000	1	0	0	0	0	1	0	0	0	0	1	0	0	0	0	1

配合:		0


3	2
M22螺母-35
安装联结角钢
没有标记
sound\通航孔装置拼组3.mp3

联接角钢为连接标准梁腹钣与D5节点钣之用。使用时注意D6与D7互为反对称孔眼。

起始状态: 隐藏		终止状态: 显示		移动节点: 1
1000	1	0	0	0	0	1	0	0	0	0	1	0	0	0	0.5	1
1000	1	0	0	0	0	1	0	0	0	0	1	0	0	0	0	1

配合:		0


3	2
M22x60-28
安装联结角钢
没有标记
sound\通航孔装置拼组3.mp3

联接角钢为连接标准梁腹钣与D5节点钣之用。使用时注意D6与D7互为反对称孔眼。

起始状态: 隐藏		终止状态: 显示		移动节点: 1
1000	1	0	0	0	0	1	0	0	0	0	1	0	-0.5	0	0	1
1000	1	0	0	0	0	1	0	0	0	0	1	0	0	0	0	1

配合:		0


3	2
M22螺母-36
安装联结角钢
没有标记
sound\通航孔装置拼组3.mp3

联接角钢为连接标准梁腹钣与D5节点钣之用。使用时注意D6与D7互为反对称孔眼。

起始状态: 隐藏		终止状态: 显示		移动节点: 1
1000	1	0	0	0	0	1	0	0	0	0	1	0	0	0	0.5	1
1000	1	0	0	0	0	1	0	0	0	0	1	0	0	0	0	1

配合:		0


3	2
垫圈M22-5
安装联结角钢
没有标记
sound\通航孔装置拼组3.mp3

联接角钢为连接标准梁腹钣与D5节点钣之用。使用时注意D6与D7互为反对称孔眼。

起始状态: 隐藏		终止状态: 显示		移动节点: 1
1000	1	0	0	0	0	1	0	0	0	0	1	0	-0.5	0	0	1
1000	1	0	0	0	0	1	0	0	0	0	1	0	0	0	0	1

配合:		0


3	2
垫圈M22-6
安装联结角钢
没有标记
sound\通航孔装置拼组3.mp3

联接角钢为连接标准梁腹钣与D5节点钣之用。使用时注意D6与D7互为反对称孔眼。

起始状态: 隐藏		终止状态: 显示		移动节点: 1
1000	1	0	0	0	0	1	0	0	0	0	1	0	-0.5	0	0	1
1000	1	0	0	0	0	1	0	0	0	0	1	0	0	0	0	1

配合:		0


3	2
垫圈M22-37
安装联结角钢
没有标记
sound\通航孔装置拼组3.mp3

联接角钢为连接标准梁腹钣与D5节点钣之用。使用时注意D6与D7互为反对称孔眼。

起始状态: 隐藏		终止状态: 显示		移动节点: 1
1000	1	0	0	0	0	1	0	0	0	0	1	0	-0.5	0	0	1
1000	1	0	0	0	0	1	0	0	0	0	1	0	0	0	0	1

配合:		0


3	2
垫圈M22-36
安装联结角钢
没有标记
sound\通航孔装置拼组3.mp3

联接角钢为连接标准梁腹钣与D5节点钣之用。使用时注意D6与D7互为反对称孔眼。

起始状态: 隐藏		终止状态: 显示		移动节点: 1
1000	1	0	0	0	0	1	0	0	0	0	1	0	-0.5	0	0	1
1000	1	0	0	0	0	1	0	0	0	0	1	0	0	0	0	1

配合:		0


3	2
M22螺母-3
安装联结角钢
没有标记
sound\通航孔装置拼组3.mp3

联接角钢为连接标准梁腹钣与D5节点钣之用。使用时注意D6与D7互为反对称孔眼。

起始状态: 隐藏		终止状态: 显示		移动节点: 1
1000	1	0	0	0	0	1	0	0	0	0	1	0	0	0	0.5	1
1000	1	0	0	0	0	1	0	0	0	0	1	0	0	0	0	1

配合:		0


4	1
节点板D14-2
安装节点板D14
没有标记
sound\通航孔装置拼组4.mp3

节点钣D14安装在联结角钢D6,D7上，连接短斜撑杆D3

起始状态: 隐藏		终止状态: 显示		移动节点: 1
1500	1	0	0	0	0	1	0	0	0	0	1	0	0	0	0.5	1
1500	1	0	0	0	0	1	0	0	0	0	1	0	0	0	0	1

配合:		1
没有标记
节点板D14-2	0	6
联接角钢D6-1	0	1


4	1
节点板D14-3
安装节点板D14
没有标记
sound\通航孔装置拼组4.mp3

节点钣D14安装在联结角钢D6,D7上，连接短斜撑杆D3

起始状态: 隐藏		终止状态: 显示		移动节点: 1
1500	1	0	0	0	0	1	0	0	0	0	1	0	0	0	0.5	1
1500	1	0	0	0	0	1	0	0	0	0	1	0	0	0	0	1

配合:		0


4	2
M22螺母-7
安装节点板D14
没有标记
sound\通航孔装置拼组4.mp3

节点钣D14安装在联结角钢D6,D7上，连接短斜撑杆D3

起始状态: 隐藏		终止状态: 显示		移动节点: 1
1000	1	0	0	0	0	1	0	0	0	0	1	0	0	0	0.5	1
1000	1	0	0	0	0	1	0	0	0	0	1	0	0	0	0	1

配合:		0


4	2
M22螺母-39
安装节点板D14
没有标记
sound\通航孔装置拼组4.mp3

节点钣D14安装在联结角钢D6,D7上，连接短斜撑杆D3

起始状态: 隐藏		终止状态: 显示		移动节点: 1
1000	1	0	0	0	0	1	0	0	0	0	1	0	0	0	0.5	1
1000	1	0	0	0	0	1	0	0	0	0	1	0	0	0	0	1

配合:		0


4	2
M22x60-33
安装节点板D14
没有标记
sound\通航孔装置拼组4.mp3

节点钣D14安装在联结角钢D6,D7上，连接短斜撑杆D3

起始状态: 隐藏		终止状态: 显示		移动节点: 1
1000	1	0	0	0	0	1	0	0	0	0	1	0	-0.2	0	0	1
1000	1	0	0	0	0	1	0	0	0	0	1	0	0	0	0	1

配合:		0


4	2
垫圈M22-41
安装节点板D14
没有标记
sound\通航孔装置拼组4.mp3

节点钣D14安装在联结角钢D6,D7上，连接短斜撑杆D3

起始状态: 隐藏		终止状态: 显示		移动节点: 1
1000	1	0	0	0	0	1	0	0	0	0	1	0	-0.5	0	0	1
1000	1	0	0	0	0	1	0	0	0	0	1	0	0	0	0	1

配合:		0


4	2
M22螺母-38
安装节点板D14
没有标记
sound\通航孔装置拼组4.mp3

节点钣D14安装在联结角钢D6,D7上，连接短斜撑杆D3

起始状态: 隐藏		终止状态: 显示		移动节点: 1
1000	1	0	0	0	0	1	0	0	0	0	1	0	0	0	0.5	1
1000	1	0	0	0	0	1	0	0	0	0	1	0	0	0	0	1

配合:		0


4	2
垫圈M22-39
安装节点板D14
没有标记
sound\通航孔装置拼组4.mp3

节点钣D14安装在联结角钢D6,D7上，连接短斜撑杆D3

起始状态: 隐藏		终止状态: 显示		移动节点: 1
1000	1	0	0	0	0	1	0	0	0	0	1	0	-0.5	0	0	1
1000	1	0	0	0	0	1	0	0	0	0	1	0	0	0	0	1

配合:		0


4	2
M22螺母-8
安装节点板D14
没有标记
sound\通航孔装置拼组4.mp3

节点钣D14安装在联结角钢D6,D7上，连接短斜撑杆D3

起始状态: 隐藏		终止状态: 显示		移动节点: 1
1000	1	0	0	0	0	1	0	0	0	0	1	0	0	0	0.5	1
1000	1	0	0	0	0	1	0	0	0	0	1	0	0	0	0	1

配合:		0


4	2
垫圈M22-7
安装节点板D14
没有标记
sound\通航孔装置拼组4.mp3

节点钣D14安装在联结角钢D6,D7上，连接短斜撑杆D3

起始状态: 隐藏		终止状态: 显示		移动节点: 1
1000	1	0	0	0	0	1	0	0	0	0	1	0	-0.5	0	0	1
1000	1	0	0	0	0	1	0	0	0	0	1	0	0	0	0	1

配合:		0


4	2
垫圈M22-40
安装节点板D14
没有标记
sound\通航孔装置拼组4.mp3

节点钣D14安装在联结角钢D6,D7上，连接短斜撑杆D3

起始状态: 隐藏		终止状态: 显示		移动节点: 1
1000	1	0	0	0	0	1	0	0	0	0	1	0	-0.5	0	0	1
1000	1	0	0	0	0	1	0	0	0	0	1	0	0	0	0	1

配合:		0


4	2
M22x60-32
安装节点板D14
没有标记
sound\通航孔装置拼组4.mp3

节点钣D14安装在联结角钢D6,D7上，连接短斜撑杆D3

起始状态: 隐藏		终止状态: 显示		移动节点: 1
1000	1	0	0	0	0	1	0	0	0	0	1	0	-0.2	0	0	1
1000	1	0	0	0	0	1	0	0	0	0	1	0	0	0	0	1

配合:		0


4	2
M22x60-7
安装节点板D14
没有标记
sound\通航孔装置拼组4.mp3

节点钣D14安装在联结角钢D6,D7上，连接短斜撑杆D3

起始状态: 隐藏		终止状态: 显示		移动节点: 1
1000	1	0	0	0	0	1	0	0	0	0	1	0	-0.2	0	0	1
1000	1	0	0	0	0	1	0	0	0	0	1	0	0	0	0	1

配合:		0


4	2
M22螺母-37
安装节点板D14
没有标记
sound\通航孔装置拼组4.mp3

节点钣D14安装在联结角钢D6,D7上，连接短斜撑杆D3

起始状态: 隐藏		终止状态: 显示		移动节点: 1
1000	1	0	0	0	0	1	0	0	0	0	1	0	0	0	0.5	1
1000	1	0	0	0	0	1	0	0	0	0	1	0	0	0	0	1

配合:		0


4	2
M22螺母-6
安装节点板D14
没有标记
sound\通航孔装置拼组4.mp3

节点钣D14安装在联结角钢D6,D7上，连接短斜撑杆D3

起始状态: 隐藏		终止状态: 显示		移动节点: 1
1000	1	0	0	0	0	1	0	0	0	0	1	0	0	0	0.5	1
1000	1	0	0	0	0	1	0	0	0	0	1	0	0	0	0	1

配合:		0


4	2
M22x60-31
安装节点板D14
没有标记
sound\通航孔装置拼组4.mp3

节点钣D14安装在联结角钢D6,D7上，连接短斜撑杆D3

起始状态: 隐藏		终止状态: 显示		移动节点: 1
1000	1	0	0	0	0	1	0	0	0	0	1	0	-0.2	0	0	1
1000	1	0	0	0	0	1	0	0	0	0	1	0	0	0	0	1

配合:		0


4	2
垫圈M22-9
安装节点板D14
没有标记
sound\通航孔装置拼组4.mp3

节点钣D14安装在联结角钢D6,D7上，连接短斜撑杆D3

起始状态: 隐藏		终止状态: 显示		移动节点: 1
1000	1	0	0	0	0	1	0	0	0	0	1	0	-0.5	0	0	1
1000	1	0	0	0	0	1	0	0	0	0	1	0	0	0	0	1

配合:		0


4	2
垫圈M22-8
安装节点板D14
没有标记
sound\通航孔装置拼组4.mp3

节点钣D14安装在联结角钢D6,D7上，连接短斜撑杆D3

起始状态: 隐藏		终止状态: 显示		移动节点: 1
1000	1	0	0	0	0	1	0	0	0	0	1	0	-0.5	0	0	1
1000	1	0	0	0	0	1	0	0	0	0	1	0	0	0	0	1

配合:		0


4	2
M22x60-6
安装节点板D14
没有标记
sound\通航孔装置拼组4.mp3

节点钣D14安装在联结角钢D6,D7上，连接短斜撑杆D3

起始状态: 隐藏		终止状态: 显示		移动节点: 1
1000	1	0	0	0	0	1	0	0	0	0	1	0	-0.2	0	0	1
1000	1	0	0	0	0	1	0	0	0	0	1	0	0	0	0	1

配合:		0


4	2
M22x60-5
安装节点板D14
没有标记
sound\通航孔装置拼组4.mp3

节点钣D14安装在联结角钢D6,D7上，连接短斜撑杆D3

起始状态: 隐藏		终止状态: 显示		移动节点: 1
1000	1	0	0	0	0	1	0	0	0	0	1	0	-0.2	0	0	1
1000	1	0	0	0	0	1	0	0	0	0	1	0	0	0	0	1

配合:		0


5	1
节点板D4-2
安装节点板D4
没有标记
sound\通航孔装置拼组5.mp3

节点钣D4连接D3斜撑与导向杆。

起始状态: 隐藏		终止状态: 显示		移动节点: 1
1500	1	0	0	0	0	1	0	0	0	0	1	0	0	0	-0.3	1
1500	1	0	0	0	0	1	0	0	0	0	1	0	0	0	0	1

配合:		0


5	1
节点板D4-1
安装节点板D4
没有标记
sound\通航孔装置拼组5.mp3

节点钣D4连接D3斜撑与导向杆。

起始状态: 隐藏		终止状态: 显示		移动节点: 1
1500	1	0	0	0	0	1	0	0	0	0	1	0	0	0	-0.3	1
1500	1	0	0	0	0	1	0	0	0	0	1	0	0	0	0	1

配合:		1
没有标记
节点板D4-1	0	9
导向杆-1	2	13


5	2
M22x80-11
安装节点板D4
没有标记
sound\通航孔装置拼组5.mp3

节点钣D4连接D3斜撑与导向杆。

起始状态: 隐藏		终止状态: 显示		移动节点: 1
1000	1	0	0	0	0	1	0	0	0	0	1	0	-0.5	0	0	1
1000	1	0	0	0	0	1	0	0	0	0	1	0	0	0	0	1

配合:		0


5	2
垫圈M22-26
安装节点板D4
没有标记
sound\通航孔装置拼组5.mp3

节点钣D4连接D3斜撑与导向杆。

起始状态: 隐藏		终止状态: 显示		移动节点: 1
1000	1	0	0	0	0	1	0	0	0	0	1	0	-0.5	0	0	1
1000	1	0	0	0	0	1	0	0	0	0	1	0	0	0	0	1

配合:		0


5	2
M22螺母-45
安装节点板D4
没有标记
sound\通航孔装置拼组5.mp3

节点钣D4连接D3斜撑与导向杆。

起始状态: 隐藏		终止状态: 显示		移动节点: 1
1000	1	0	0	0	0	1	0	0	0	0	1	0	0	0	0.5	1
1000	1	0	0	0	0	1	0	0	0	0	1	0	0	0	0	1

配合:		0


5	2
M22螺母-24
安装节点板D4
没有标记
sound\通航孔装置拼组5.mp3

节点钣D4连接D3斜撑与导向杆。

起始状态: 隐藏		终止状态: 显示		移动节点: 1
1000	1	0	0	0	0	1	0	0	0	0	1	0	0	0	0.5	1
1000	1	0	0	0	0	1	0	0	0	0	1	0	0	0	0	1

配合:		0


5	2
M22x80-15
安装节点板D4
没有标记
sound\通航孔装置拼组5.mp3

节点钣D4连接D3斜撑与导向杆。

起始状态: 隐藏		终止状态: 显示		移动节点: 1
1000	1	0	0	0	0	1	0	0	0	0	1	0	-0.5	0	0	1
1000	1	0	0	0	0	1	0	0	0	0	1	0	0	0	0	1

配合:		0


5	2
垫圈M22-47
安装节点板D4
没有标记
sound\通航孔装置拼组5.mp3

节点钣D4连接D3斜撑与导向杆。

起始状态: 隐藏		终止状态: 显示		移动节点: 1
1000	1	0	0	0	0	1	0	0	0	0	1	0	-0.5	0	0	1
1000	1	0	0	0	0	1	0	0	0	0	1	0	0	0	0	1

配合:		0


6	1
斜撑杆D12-2
安装斜撑杆D12
没有标记
sound\通航孔装置拼组6.mp3

斜撑杆D12与法兰钣顶部加劲肋和导向杆相连，加强导向杆竖向刚度。

起始状态: 隐藏		终止状态: 显示		移动节点: 1
1500	1	0	0	0	0	1	0	0	0	0	1	0	0.8	0	0	1
1500	1	0	0	0	0	1	0	0	0	0	1	0	0	0	0	1

配合:		0


6	1
斜撑杆D12-1
安装斜撑杆D12
没有标记
sound\通航孔装置拼组6.mp3

斜撑杆D12与法兰钣顶部加劲肋和导向杆相连，加强导向杆竖向刚度。

起始状态: 隐藏		终止状态: 显示		移动节点: 1
1500	1	0	0	0	0	1	0	0	0	0	1	0	0.8	0	0	1
1500	1	0	0	0	0	1	0	0	0	0	1	0	0	0	0	1

配合:		1
没有标记
斜撑杆D12-1	0	18
导向杆-1	2	14


6	2
M22x80-18
安装斜撑杆D12
没有标记
sound\通航孔装置拼组6.mp3

斜撑杆D12与法兰钣顶部加劲肋和导向杆相连，加强导向杆竖向刚度。

起始状态: 隐藏		终止状态: 显示		移动节点: 1
1000	1	0	0	0	0	1	0	0	0	0	1	0	-0.5	0	0	1
1000	1	0	0	0	0	1	0	0	0	0	1	0	0	0	0	1

配合:		0


6	2
M22螺母-22
安装斜撑杆D12
没有标记
sound\通航孔装置拼组6.mp3

斜撑杆D12与法兰钣顶部加劲肋和导向杆相连，加强导向杆竖向刚度。

起始状态: 隐藏		终止状态: 显示		移动节点: 1
1000	1	0	0	0	0	1	0	0	0	0	1	0	0	0	0.5	1
1000	1	0	0	0	0	1	0	0	0	0	1	0	0	0	0	1

配合:		0


6	2
M22x80-17
安装斜撑杆D12
没有标记
sound\通航孔装置拼组6.mp3

斜撑杆D12与法兰钣顶部加劲肋和导向杆相连，加强导向杆竖向刚度。

起始状态: 隐藏		终止状态: 显示		移动节点: 1
1000	1	0	0	0	0	1	0	0	0	0	1	0	-0.5	0	0	1
1000	1	0	0	0	0	1	0	0	0	0	1	0	0	0	0	1

配合:		0


6	2
M22螺母-56
安装斜撑杆D12
没有标记
sound\通航孔装置拼组6.mp3

斜撑杆D12与法兰钣顶部加劲肋和导向杆相连，加强导向杆竖向刚度。

起始状态: 隐藏		终止状态: 显示		移动节点: 1
1000	1	0	0	0	0	1	0	0	0	0	1	0	0	0	0.5	1
1000	1	0	0	0	0	1	0	0	0	0	1	0	0	0	0	1

配合:		0


6	2
垫圈M22-59
安装斜撑杆D12
没有标记
sound\通航孔装置拼组6.mp3

斜撑杆D12与法兰钣顶部加劲肋和导向杆相连，加强导向杆竖向刚度。

起始状态: 隐藏		终止状态: 显示		移动节点: 1
1000	1	0	0	0	0	1	0	0	0	0	1	0	-0.5	0	0	1
1000	1	0	0	0	0	1	0	0	0	0	1	0	0	0	0	1

配合:		0


6	2
垫圈M22-23
安装斜撑杆D12
没有标记
sound\通航孔装置拼组6.mp3

斜撑杆D12与法兰钣顶部加劲肋和导向杆相连，加强导向杆竖向刚度。

起始状态: 隐藏		终止状态: 显示		移动节点: 1
1000	1	0	0	0	0	1	0	0	0	0	1	0	-0.5	0	0	1
1000	1	0	0	0	0	1	0	0	0	0	1	0	0	0	0	1

配合:		0


6	2
M22x60-42
安装斜撑杆D12
没有标记
sound\通航孔装置拼组6.mp3

斜撑杆D12与法兰钣顶部加劲肋和导向杆相连，加强导向杆竖向刚度。

起始状态: 隐藏		终止状态: 显示		移动节点: 1
1000	1	0	0	0	0	1	0	0	0	0	1	0	-0.5	0	0	1
1000	1	0	0	0	0	1	0	0	0	0	1	0	0	0	0	1

配合:		0


6	2
垫圈M22-56
安装斜撑杆D12
没有标记
sound\通航孔装置拼组6.mp3

斜撑杆D12与法兰钣顶部加劲肋和导向杆相连，加强导向杆竖向刚度。

起始状态: 隐藏		终止状态: 显示		移动节点: 1
1000	1	0	0	0	0	1	0	0	0	0	1	0	-0.5	0	0	1
1000	1	0	0	0	0	1	0	0	0	0	1	0	0	0	0	1

配合:		0


6	2
M22螺母-25
安装斜撑杆D12
没有标记
sound\通航孔装置拼组6.mp3

斜撑杆D12与法兰钣顶部加劲肋和导向杆相连，加强导向杆竖向刚度。

起始状态: 隐藏		终止状态: 显示		移动节点: 1
1000	1	0	0	0	0	1	0	0	0	0	1	0	0	0	0.5	1
1000	1	0	0	0	0	1	0	0	0	0	1	0	0	0	0	1

配合:		0


6	2
M22x80-4
安装斜撑杆D12
没有标记
sound\通航孔装置拼组6.mp3

斜撑杆D12与法兰钣顶部加劲肋和导向杆相连，加强导向杆竖向刚度。

起始状态: 隐藏		终止状态: 显示		移动节点: 1
1000	1	0	0	0	0	1	0	0	0	0	1	0	-0.5	0	0	1
1000	1	0	0	0	0	1	0	0	0	0	1	0	0	0	0	1

配合:		0


6	2
M22螺母-23
安装斜撑杆D12
没有标记
sound\通航孔装置拼组6.mp3

斜撑杆D12与法兰钣顶部加劲肋和导向杆相连，加强导向杆竖向刚度。

起始状态: 隐藏		终止状态: 显示		移动节点: 1
1000	1	0	0	0	0	1	0	0	0	0	1	0	0	0	0.5	1
1000	1	0	0	0	0	1	0	0	0	0	1	0	0	0	0	1

配合:		0


6	2
垫圈M22-25
安装斜撑杆D12
没有标记
sound\通航孔装置拼组6.mp3

斜撑杆D12与法兰钣顶部加劲肋和导向杆相连，加强导向杆竖向刚度。

起始状态: 隐藏		终止状态: 显示		移动节点: 1
1000	1	0	0	0	0	1	0	0	0	0	1	0	-0.5	0	0	1
1000	1	0	0	0	0	1	0	0	0	0	1	0	0	0	0	1

配合:		0


6	2
垫圈M22-55
安装斜撑杆D12
没有标记
sound\通航孔装置拼组6.mp3

斜撑杆D12与法兰钣顶部加劲肋和导向杆相连，加强导向杆竖向刚度。

起始状态: 隐藏		终止状态: 显示		移动节点: 1
1000	1	0	0	0	0	1	0	0	0	0	1	0	-0.5	0	0	1
1000	1	0	0	0	0	1	0	0	0	0	1	0	0	0	0	1

配合:		0


6	2
M22x60-19
安装斜撑杆D12
没有标记
sound\通航孔装置拼组6.mp3

斜撑杆D12与法兰钣顶部加劲肋和导向杆相连，加强导向杆竖向刚度。

起始状态: 隐藏		终止状态: 显示		移动节点: 1
1000	1	0	0	0	0	1	0	0	0	0	1	0	-0.5	0	0	1
1000	1	0	0	0	0	1	0	0	0	0	1	0	0	0	0	1

配合:		0


6	2
M22螺母-59
安装斜撑杆D12
没有标记
sound\通航孔装置拼组6.mp3

斜撑杆D12与法兰钣顶部加劲肋和导向杆相连，加强导向杆竖向刚度。

起始状态: 隐藏		终止状态: 显示		移动节点: 1
1000	1	0	0	0	0	1	0	0	0	0	1	0	0	0	0.5	1
1000	1	0	0	0	0	1	0	0	0	0	1	0	0	0	0	1

配合:		0


6	2
垫圈M22-27
安装斜撑杆D12
没有标记
sound\通航孔装置拼组6.mp3

斜撑杆D12与法兰钣顶部加劲肋和导向杆相连，加强导向杆竖向刚度。

起始状态: 隐藏		终止状态: 显示		移动节点: 1
1000	1	0	0	0	0	1	0	0	0	0	1	0	-0.5	0	0	1
1000	1	0	0	0	0	1	0	0	0	0	1	0	0	0	0	1

配合:		0


6	2
M22螺母-55
安装斜撑杆D12
没有标记
sound\通航孔装置拼组6.mp3

斜撑杆D12与法兰钣顶部加劲肋和导向杆相连，加强导向杆竖向刚度。

起始状态: 隐藏		终止状态: 显示		移动节点: 1
1000	1	0	0	0	0	1	0	0	0	0	1	0	0	0	0.5	1
1000	1	0	0	0	0	1	0	0	0	0	1	0	0	0	0	1

配合:		0


6	2
M22x80-10
安装斜撑杆D12
没有标记
sound\通航孔装置拼组6.mp3

斜撑杆D12与法兰钣顶部加劲肋和导向杆相连，加强导向杆竖向刚度。

起始状态: 隐藏		终止状态: 显示		移动节点: 1
1000	1	0	0	0	0	1	0	0	0	0	1	0	-0.5	0	0	1
1000	1	0	0	0	0	1	0	0	0	0	1	0	0	0	0	1

配合:		0


7	1
斜撑杆D3-2
安装斜撑杆D3
没有标记
sound\通航孔装置拼组7.mp3

斜撑杆D3与节点钣D4和D14栓接，支撑导向杆。

起始状态: 隐藏		终止状态: 显示		移动节点: 1
1500	1	0	0	0	0	1	0	0	0	0	1	0	0	0.3	0	1
1500	1	0	0	0	0	1	0	0	0	0	1	0	0	0	0	1

配合:		0


7	1
斜撑杆D3-1
安装斜撑杆D3
没有标记
sound\通航孔装置拼组7.mp3

斜撑杆D3与节点钣D4和D14栓接，支撑导向杆。

起始状态: 隐藏		终止状态: 显示		移动节点: 1
1500	1	0	0	0	0	1	0	0	0	0	1	0	0	0.3	0	1
1500	1	0	0	0	0	1	0	0	0	0	1	0	0	0	0	1

配合:		0


7	2
M22螺母-57
安装斜撑杆D3
没有标记
sound\通航孔装置拼组7.mp3

斜撑杆D3与节点钣D4和D14栓接，支撑导向杆。

起始状态: 隐藏		终止状态: 显示		移动节点: 1
1000	1	0	0	0	0	1	0	0	0	0	1	0	0	0	0.5	1
1000	1	0	0	0	0	1	0	0	0	0	1	0	0	0	0	1

配合:		0


7	2
垫圈M22-48
安装斜撑杆D3
没有标记
sound\通航孔装置拼组7.mp3

斜撑杆D3与节点钣D4和D14栓接，支撑导向杆。

起始状态: 隐藏		终止状态: 显示		移动节点: 1
1000	1	0	0	0	0	1	0	0	0	0	1	0	-0.5	0	0	1
1000	1	0	0	0	0	1	0	0	0	0	1	0	0	0	0	1

配合:		0


7	2
M22x60-9
安装斜撑杆D3
没有标记
sound\通航孔装置拼组7.mp3

斜撑杆D3与节点钣D4和D14栓接，支撑导向杆。

起始状态: 隐藏		终止状态: 显示		移动节点: 1
1000	1	0	0	0	0	1	0	0	0	0	1	0	-0.5	0	0	1
1000	1	0	0	0	0	1	0	0	0	0	1	0	0	0	0	1

配合:		0


7	2
垫圈M22-57
安装斜撑杆D3
没有标记
sound\通航孔装置拼组7.mp3

斜撑杆D3与节点钣D4和D14栓接，支撑导向杆。

起始状态: 隐藏		终止状态: 显示		移动节点: 1
1000	1	0	0	0	0	1	0	0	0	0	1	0	-0.5	0	0	1
1000	1	0	0	0	0	1	0	0	0	0	1	0	0	0	0	1

配合:		0


7	2
M22x60-11
安装斜撑杆D3
没有标记
sound\通航孔装置拼组7.mp3

斜撑杆D3与节点钣D4和D14栓接，支撑导向杆。

起始状态: 隐藏		终止状态: 显示		移动节点: 1
1000	1	0	0	0	0	1	0	0	0	0	1	0	-0.5	0	0	1
1000	1	0	0	0	0	1	0	0	0	0	1	0	0	0	0	1

配合:		0


7	2
M22螺母-10
安装斜撑杆D3
没有标记
sound\通航孔装置拼组7.mp3

斜撑杆D3与节点钣D4和D14栓接，支撑导向杆。

起始状态: 隐藏		终止状态: 显示		移动节点: 1
1000	1	0	0	0	0	1	0	0	0	0	1	0	0	0	0.5	1
1000	1	0	0	0	0	1	0	0	0	0	1	0	0	0	0	1

配合:		0


7	2
垫圈M22-11
安装斜撑杆D3
没有标记
sound\通航孔装置拼组7.mp3

斜撑杆D3与节点钣D4和D14栓接，支撑导向杆。

起始状态: 隐藏		终止状态: 显示		移动节点: 1
1000	1	0	0	0	0	1	0	0	0	0	1	0	-0.5	0	0	1
1000	1	0	0	0	0	1	0	0	0	0	1	0	0	0	0	1

配合:		0


7	2
M22螺母-46
安装斜撑杆D3
没有标记
sound\通航孔装置拼组7.mp3

斜撑杆D3与节点钣D4和D14栓接，支撑导向杆。

起始状态: 隐藏		终止状态: 显示		移动节点: 1
1000	1	0	0	0	0	1	0	0	0	0	1	0	0	0	0.5	1
1000	1	0	0	0	0	1	0	0	0	0	1	0	0	0	0	1

配合:		0


7	2
垫圈M22-17
安装斜撑杆D3
没有标记
sound\通航孔装置拼组7.mp3

斜撑杆D3与节点钣D4和D14栓接，支撑导向杆。

起始状态: 隐藏		终止状态: 显示		移动节点: 1
1000	1	0	0	0	0	1	0	0	0	0	1	0	-0.5	0	0	1
1000	1	0	0	0	0	1	0	0	0	0	1	0	0	0	0	1

配合:		0


7	2
垫圈M22-43
安装斜撑杆D3
没有标记
sound\通航孔装置拼组7.mp3

斜撑杆D3与节点钣D4和D14栓接，支撑导向杆。

起始状态: 隐藏		终止状态: 显示		移动节点: 1
1000	1	0	0	0	0	1	0	0	0	0	1	0	-0.5	0	0	1
1000	1	0	0	0	0	1	0	0	0	0	1	0	0	0	0	1

配合:		0


7	2
M22螺母-41
安装斜撑杆D3
没有标记
sound\通航孔装置拼组7.mp3

斜撑杆D3与节点钣D4和D14栓接，支撑导向杆。

起始状态: 隐藏		终止状态: 显示		移动节点: 1
1000	1	0	0	0	0	1	0	0	0	0	1	0	0	0	0.5	1
1000	1	0	0	0	0	1	0	0	0	0	1	0	0	0	0	1

配合:		0


7	2
M22螺母-13
安装斜撑杆D3
没有标记
sound\通航孔装置拼组7.mp3

斜撑杆D3与节点钣D4和D14栓接，支撑导向杆。

起始状态: 隐藏		终止状态: 显示		移动节点: 1
1000	1	0	0	0	0	1	0	0	0	0	1	0	0	0	0.5	1
1000	1	0	0	0	0	1	0	0	0	0	1	0	0	0	0	1

配合:		0


7	2
M22x60-41
安装斜撑杆D3
没有标记
sound\通航孔装置拼组7.mp3

斜撑杆D3与节点钣D4和D14栓接，支撑导向杆。

起始状态: 隐藏		终止状态: 显示		移动节点: 1
1000	1	0	0	0	0	1	0	0	0	0	1	0	-0.5	0	0	1
1000	1	0	0	0	0	1	0	0	0	0	1	0	0	0	0	1

配合:		0


7	2
M22x60-36
安装斜撑杆D3
没有标记
sound\通航孔装置拼组7.mp3

斜撑杆D3与节点钣D4和D14栓接，支撑导向杆。

起始状态: 隐藏		终止状态: 显示		移动节点: 1
1000	1	0	0	0	0	1	0	0	0	0	1	0	-0.5	0	0	1
1000	1	0	0	0	0	1	0	0	0	0	1	0	0	0	0	1

配合:		0


7	2
M22x60-15
安装斜撑杆D3
没有标记
sound\通航孔装置拼组7.mp3

斜撑杆D3与节点钣D4和D14栓接，支撑导向杆。

起始状态: 隐藏		终止状态: 显示		移动节点: 1
1000	1	0	0	0	0	1	0	0	0	0	1	0	-0.5	0	0	1
1000	1	0	0	0	0	1	0	0	0	0	1	0	0	0	0	1

配合:		0


7	2
垫圈M22-44
安装斜撑杆D3
没有标记
sound\通航孔装置拼组7.mp3

斜撑杆D3与节点钣D4和D14栓接，支撑导向杆。

起始状态: 隐藏		终止状态: 显示		移动节点: 1
1000	1	0	0	0	0	1	0	0	0	0	1	0	-0.5	0	0	1
1000	1	0	0	0	0	1	0	0	0	0	1	0	0	0	0	1

配合:		0


7	2
M22螺母-16
安装斜撑杆D3
没有标记
sound\通航孔装置拼组7.mp3

斜撑杆D3与节点钣D4和D14栓接，支撑导向杆。

起始状态: 隐藏		终止状态: 显示		移动节点: 1
1000	1	0	0	0	0	1	0	0	0	0	1	0	0	0	0.5	1
1000	1	0	0	0	0	1	0	0	0	0	1	0	0	0	0	1

配合:		0


7	2
M22x60-38
安装斜撑杆D3
没有标记
sound\通航孔装置拼组7.mp3

斜撑杆D3与节点钣D4和D14栓接，支撑导向杆。

起始状态: 隐藏		终止状态: 显示		移动节点: 1
1000	1	0	0	0	0	1	0	0	0	0	1	0	-0.5	0	0	1
1000	1	0	0	0	0	1	0	0	0	0	1	0	0	0	0	1

配合:		0


7	2
M22x60-35
安装斜撑杆D3
没有标记
sound\通航孔装置拼组7.mp3

斜撑杆D3与节点钣D4和D14栓接，支撑导向杆。

起始状态: 隐藏		终止状态: 显示		移动节点: 1
1000	1	0	0	0	0	1	0	0	0	0	1	0	-0.5	0	0	1
1000	1	0	0	0	0	1	0	0	0	0	1	0	0	0	0	1

配合:		0


7	2
垫圈M22-14
安装斜撑杆D3
没有标记
sound\通航孔装置拼组7.mp3

斜撑杆D3与节点钣D4和D14栓接，支撑导向杆。

起始状态: 隐藏		终止状态: 显示		移动节点: 1
1000	1	0	0	0	0	1	0	0	0	0	1	0	-0.5	0	0	1
1000	1	0	0	0	0	1	0	0	0	0	1	0	0	0	0	1

配合:		0


7	2
M22螺母-42
安装斜撑杆D3
没有标记
sound\通航孔装置拼组7.mp3

斜撑杆D3与节点钣D4和D14栓接，支撑导向杆。

起始状态: 隐藏		终止状态: 显示		移动节点: 1
1000	1	0	0	0	0	1	0	0	0	0	1	0	0	0	0.5	1
1000	1	0	0	0	0	1	0	0	0	0	1	0	0	0	0	1

配合:		0


7	2
垫圈M22-16
安装斜撑杆D3
没有标记
sound\通航孔装置拼组7.mp3

斜撑杆D3与节点钣D4和D14栓接，支撑导向杆。

起始状态: 隐藏		终止状态: 显示		移动节点: 1
1000	1	0	0	0	0	1	0	0	0	0	1	0	-0.5	0	0	1
1000	1	0	0	0	0	1	0	0	0	0	1	0	0	0	0	1

配合:		0


7	2
M22x60-14
安装斜撑杆D3
没有标记
sound\通航孔装置拼组7.mp3

斜撑杆D3与节点钣D4和D14栓接，支撑导向杆。

起始状态: 隐藏		终止状态: 显示		移动节点: 1
1000	1	0	0	0	0	1	0	0	0	0	1	0	-0.5	0	0	1
1000	1	0	0	0	0	1	0	0	0	0	1	0	0	0	0	1

配合:		0


7	2
M22螺母-15
安装斜撑杆D3
没有标记
sound\通航孔装置拼组7.mp3

斜撑杆D3与节点钣D4和D14栓接，支撑导向杆。

起始状态: 隐藏		终止状态: 显示		移动节点: 1
1000	1	0	0	0	0	1	0	0	0	0	1	0	0	0	0.5	1
1000	1	0	0	0	0	1	0	0	0	0	1	0	0	0	0	1

配合:		0


8	1
节点板D5-2
安装节点板D5
没有标记
sound\通航孔装置拼组8.mp3

D5节点钣连接D3斜撑与D7连接角钢，增加导向杆刚度。

起始状态: 隐藏		终止状态: 显示		移动节点: 1
1500	1	0	0	0	0	1	0	0	0	0	1	0	0	0	-0.3	1
1500	1	0	0	0	0	1	0	0	0	0	1	0	0	0	0	1

配合:		0


8	1
节点板D5-1
安装节点板D5
没有标记
sound\通航孔装置拼组8.mp3

D5节点钣连接D3斜撑与D7连接角钢，增加导向杆刚度。

起始状态: 隐藏		终止状态: 显示		移动节点: 1
1500	1	0	0	0	0	1	0	0	0	0	1	0	0	0	-0.3	1
1500	1	0	0	0	0	1	0	0	0	0	1	0	0	0	0	1

配合:		1
没有标记
节点板D5-1	0	10
导向杆-1	2	18


8	2
M22x80-7
安装节点板D5
没有标记
sound\通航孔装置拼组8.mp3

D5节点钣连接D3斜撑与D7连接角钢，增加导向杆刚度。

起始状态: 隐藏		终止状态: 显示		移动节点: 1
1000	1	0	0	0	0	1	0	0	0	0	1	0	-0.5	0	0	1
1000	1	0	0	0	0	1	0	0	0	0	1	0	0	0	0	1

配合:		0


8	2
垫圈M22-18
安装节点板D5
没有标记
sound\通航孔装置拼组8.mp3

D5节点钣连接D3斜撑与D7连接角钢，增加导向杆刚度。

起始状态: 隐藏		终止状态: 显示		移动节点: 1
1000	1	0	0	0	0	1	0	0	0	0	1	0	-0.5	0	0	1
1000	1	0	0	0	0	1	0	0	0	0	1	0	0	0	0	1

配合:		0


8	2
M22x80-12
安装节点板D5
没有标记
sound\通航孔装置拼组8.mp3

D5节点钣连接D3斜撑与D7连接角钢，增加导向杆刚度。

起始状态: 隐藏		终止状态: 显示		移动节点: 1
1000	1	0	0	0	0	1	0	0	0	0	1	0	-0.5	0	0	1
1000	1	0	0	0	0	1	0	0	0	0	1	0	0	0	0	1

配合:		0


8	2
M22螺母-17
安装节点板D5
没有标记
sound\通航孔装置拼组8.mp3

D5节点钣连接D3斜撑与D7连接角钢，增加导向杆刚度。

起始状态: 隐藏		终止状态: 显示		移动节点: 1
1000	1	0	0	0	0	1	0	0	0	0	1	0	0	0	0.5	1
1000	1	0	0	0	0	1	0	0	0	0	1	0	0	0	0	1

配合:		0


8	2
M22x80-6
安装节点板D5
没有标记
sound\通航孔装置拼组8.mp3

D5节点钣连接D3斜撑与D7连接角钢，增加导向杆刚度。

起始状态: 隐藏		终止状态: 显示		移动节点: 1
1000	1	0	0	0	0	1	0	0	0	0	1	0	-0.5	0	0	1
1000	1	0	0	0	0	1	0	0	0	0	1	0	0	0	0	1

配合:		0


8	2
M22螺母-19
安装节点板D5
没有标记
sound\通航孔装置拼组8.mp3

D5节点钣连接D3斜撑与D7连接角钢，增加导向杆刚度。

起始状态: 隐藏		终止状态: 显示		移动节点: 1
1000	1	0	0	0	0	1	0	0	0	0	1	0	0	0	0.5	1
1000	1	0	0	0	0	1	0	0	0	0	1	0	0	0	0	1

配合:		0


8	2
M22x80-9
安装节点板D5
没有标记
sound\通航孔装置拼组8.mp3

D5节点钣连接D3斜撑与D7连接角钢，增加导向杆刚度。

起始状态: 隐藏		终止状态: 显示		移动节点: 1
1000	1	0	0	0	0	1	0	0	0	0	1	0	-0.5	0	0	1
1000	1	0	0	0	0	1	0	0	0	0	1	0	0	0	0	1

配合:		0


8	2
M22x80-14
安装节点板D5
没有标记
sound\通航孔装置拼组8.mp3

D5节点钣连接D3斜撑与D7连接角钢，增加导向杆刚度。

起始状态: 隐藏		终止状态: 显示		移动节点: 1
1000	1	0	0	0	0	1	0	0	0	0	1	0	-0.5	0	0	1
1000	1	0	0	0	0	1	0	0	0	0	1	0	0	0	0	1

配合:		0


8	2
垫圈M22-51
安装节点板D5
没有标记
sound\通航孔装置拼组8.mp3

D5节点钣连接D3斜撑与D7连接角钢，增加导向杆刚度。

起始状态: 隐藏		终止状态: 显示		移动节点: 1
1000	1	0	0	0	0	1	0	0	0	0	1	0	-0.5	0	0	1
1000	1	0	0	0	0	1	0	0	0	0	1	0	0	0	0	1

配合:		0


8	2
垫圈M22-20
安装节点板D5
没有标记
sound\通航孔装置拼组8.mp3

D5节点钣连接D3斜撑与D7连接角钢，增加导向杆刚度。

起始状态: 隐藏		终止状态: 显示		移动节点: 1
1000	1	0	0	0	0	1	0	0	0	0	1	0	-0.5	0	0	1
1000	1	0	0	0	0	1	0	0	0	0	1	0	0	0	0	1

配合:		0


8	2
M22螺母-51
安装节点板D5
没有标记
sound\通航孔装置拼组8.mp3

D5节点钣连接D3斜撑与D7连接角钢，增加导向杆刚度。

起始状态: 隐藏		终止状态: 显示		移动节点: 1
1000	1	0	0	0	0	1	0	0	0	0	1	0	0	0	0.5	1
1000	1	0	0	0	0	1	0	0	0	0	1	0	0	0	0	1

配合:		0


8	2
M22螺母-18
安装节点板D5
没有标记
sound\通航孔装置拼组8.mp3

D5节点钣连接D3斜撑与D7连接角钢，增加导向杆刚度。

起始状态: 隐藏		终止状态: 显示		移动节点: 1
1000	1	0	0	0	0	1	0	0	0	0	1	0	0	0	0.5	1
1000	1	0	0	0	0	1	0	0	0	0	1	0	0	0	0	1

配合:		0


8	2
M22螺母-49
安装节点板D5
没有标记
sound\通航孔装置拼组8.mp3

D5节点钣连接D3斜撑与D7连接角钢，增加导向杆刚度。

起始状态: 隐藏		终止状态: 显示		移动节点: 1
1000	1	0	0	0	0	1	0	0	0	0	1	0	0	0	0.5	1
1000	1	0	0	0	0	1	0	0	0	0	1	0	0	0	0	1

配合:		0


8	2
垫圈M22-19
安装节点板D5
没有标记
sound\通航孔装置拼组8.mp3

D5节点钣连接D3斜撑与D7连接角钢，增加导向杆刚度。

起始状态: 隐藏		终止状态: 显示		移动节点: 1
1000	1	0	0	0	0	1	0	0	0	0	1	0	-0.5	0	0	1
1000	1	0	0	0	0	1	0	0	0	0	1	0	0	0	0	1

配合:		0


8	2
M22螺母-52
安装节点板D5
没有标记
sound\通航孔装置拼组8.mp3

D5节点钣连接D3斜撑与D7连接角钢，增加导向杆刚度。

起始状态: 隐藏		终止状态: 显示		移动节点: 1
1000	1	0	0	0	0	1	0	0	0	0	1	0	0	0	0.5	1
1000	1	0	0	0	0	1	0	0	0	0	1	0	0	0	0	1

配合:		0


8	2
垫圈M22-50
安装节点板D5
没有标记
sound\通航孔装置拼组8.mp3

D5节点钣连接D3斜撑与D7连接角钢，增加导向杆刚度。

起始状态: 隐藏		终止状态: 显示		移动节点: 1
1000	1	0	0	0	0	1	0	0	0	0	1	0	-0.5	0	0	1
1000	1	0	0	0	0	1	0	0	0	0	1	0	0	0	0	1

配合:		0


8	2
M22x80-13
安装节点板D5
没有标记
sound\通航孔装置拼组8.mp3

D5节点钣连接D3斜撑与D7连接角钢，增加导向杆刚度。

起始状态: 隐藏		终止状态: 显示		移动节点: 1
1000	1	0	0	0	0	1	0	0	0	0	1	0	-0.5	0	0	1
1000	1	0	0	0	0	1	0	0	0	0	1	0	0	0	0	1

配合:		0


8	2
垫圈M22-52
安装节点板D5
没有标记
sound\通航孔装置拼组8.mp3

D5节点钣连接D3斜撑与D7连接角钢，增加导向杆刚度。

起始状态: 隐藏		终止状态: 显示		移动节点: 1
1000	1	0	0	0	0	1	0	0	0	0	1	0	-0.5	0	0	1
1000	1	0	0	0	0	1	0	0	0	0	1	0	0	0	0	1

配合:		0


9	1
斜撑杆D13-2
安装斜撑杆D13
没有标记
sound\通航孔装置拼组9.mp3

D13连接节点钣D14和节点钣D5，支撑导向杆。

起始状态: 隐藏		终止状态: 显示		移动节点: 1
1500	1	0	0	0	0	1	0	0	0	0	1	0	0	0.3	0	1
1500	1	0	0	0	0	1	0	0	0	0	1	0	0	0	0	1

配合:		0


9	1
斜撑杆D13-1
安装斜撑杆D13
没有标记
sound\通航孔装置拼组9.mp3

D13连接节点钣D14和节点钣D5，支撑导向杆。

起始状态: 隐藏		终止状态: 显示		移动节点: 1
1500	1	0	0	0	0	1	0	0	0	0	1	0	0	0.3	0	1
1500	1	0	0	0	0	1	0	0	0	0	1	0	0	0	0	1

配合:		1
没有标记
斜撑杆D13-1	0	5
节点板D5-1	0	7


9	2
垫圈M22-22
安装斜撑杆D13
没有标记
sound\通航孔装置拼组9.mp3

D13连接节点钣D14和节点钣D5，支撑导向杆。

起始状态: 隐藏		终止状态: 显示		移动节点: 1
1000	1	0	0	0	0	1	0	0	0	0	1	0	-0.5	0	0	1
1000	1	0	0	0	0	1	0	0	0	0	1	0	0	0	0	1

配合:		0


9	2
M22螺母-21
安装斜撑杆D13
没有标记
sound\通航孔装置拼组9.mp3

D13连接节点钣D14和节点钣D5，支撑导向杆。

起始状态: 隐藏		终止状态: 显示		移动节点: 1
1000	1	0	0	0	0	1	0	0	0	0	1	0	0	0	0.5	1
1000	1	0	0	0	0	1	0	0	0	0	1	0	0	0	0	1

配合:		0


9	2
垫圈M22-12
安装斜撑杆D13
没有标记
sound\通航孔装置拼组9.mp3

D13连接节点钣D14和节点钣D5，支撑导向杆。

起始状态: 隐藏		终止状态: 显示		移动节点: 1
1000	1	0	0	0	0	1	0	0	0	0	1	0	-0.5	0	0	1
1000	1	0	0	0	0	1	0	0	0	0	1	0	0	0	0	1

配合:		0


9	2
垫圈M22-45
安装斜撑杆D13
没有标记
sound\通航孔装置拼组9.mp3

D13连接节点钣D14和节点钣D5，支撑导向杆。

起始状态: 隐藏		终止状态: 显示		移动节点: 1
1000	1	0	0	0	0	1	0	0	0	0	1	0	-0.5	0	0	1
1000	1	0	0	0	0	1	0	0	0	0	1	0	0	0	0	1

配合:		0


9	2
M22螺母-11
安装斜撑杆D13
没有标记
sound\通航孔装置拼组9.mp3

D13连接节点钣D14和节点钣D5，支撑导向杆。

起始状态: 隐藏		终止状态: 显示		移动节点: 1
1000	1	0	0	0	0	1	0	0	0	0	1	0	0	0	0.5	1
1000	1	0	0	0	0	1	0	0	0	0	1	0	0	0	0	1

配合:		0


9	2
垫圈M22-54
安装斜撑杆D13
没有标记
sound\通航孔装置拼组9.mp3

D13连接节点钣D14和节点钣D5，支撑导向杆。

起始状态: 隐藏		终止状态: 显示		移动节点: 1
1000	1	0	0	0	0	1	0	0	0	0	1	0	-0.5	0	0	1
1000	1	0	0	0	0	1	0	0	0	0	1	0	0	0	0	1

配合:		0


9	2
垫圈M22-21
安装斜撑杆D13
没有标记
sound\通航孔装置拼组9.mp3

D13连接节点钣D14和节点钣D5，支撑导向杆。

起始状态: 隐藏		终止状态: 显示		移动节点: 1
1000	1	0	0	0	0	1	0	0	0	0	1	0	-0.5	0	0	1
1000	1	0	0	0	0	1	0	0	0	0	1	0	0	0	0	1

配合:		0


9	2
垫圈M22-42
安装斜撑杆D13
没有标记
sound\通航孔装置拼组9.mp3

D13连接节点钣D14和节点钣D5，支撑导向杆。

起始状态: 隐藏		终止状态: 显示		移动节点: 1
1000	1	0	0	0	0	1	0	0	0	0	1	0	-0.5	0	0	1
1000	1	0	0	0	0	1	0	0	0	0	1	0	0	0	0	1

配合:		0


9	2
M22螺母-43
安装斜撑杆D13
没有标记
sound\通航孔装置拼组9.mp3

D13连接节点钣D14和节点钣D5，支撑导向杆。

起始状态: 隐藏		终止状态: 显示		移动节点: 1
1000	1	0	0	0	0	1	0	0	0	0	1	0	0	0	0.5	1
1000	1	0	0	0	0	1	0	0	0	0	1	0	0	0	0	1

配合:		0


9	2
M22螺母-40
安装斜撑杆D13
没有标记
sound\通航孔装置拼组9.mp3

D13连接节点钣D14和节点钣D5，支撑导向杆。

起始状态: 隐藏		终止状态: 显示		移动节点: 1
1000	1	0	0	0	0	1	0	0	0	0	1	0	0	0	0.5	1
1000	1	0	0	0	0	1	0	0	0	0	1	0	0	0	0	1

配合:		0


9	2
M22x60-12
安装斜撑杆D13
没有标记
sound\通航孔装置拼组9.mp3

D13连接节点钣D14和节点钣D5，支撑导向杆。

起始状态: 隐藏		终止状态: 显示		移动节点: 1
1000	1	0	0	0	0	1	0	0	0	0	1	0	-0.5	0	0	1
1000	1	0	0	0	0	1	0	0	0	0	1	0	0	0	0	1

配合:		0


9	2
M22螺母-53
安装斜撑杆D13
没有标记
sound\通航孔装置拼组9.mp3

D13连接节点钣D14和节点钣D5，支撑导向杆。

起始状态: 隐藏		终止状态: 显示		移动节点: 1
1000	1	0	0	0	0	1	0	0	0	0	1	0	0	0	0.5	1
1000	1	0	0	0	0	1	0	0	0	0	1	0	0	0	0	1

配合:		0


9	2
垫圈M22-53
安装斜撑杆D13
没有标记
sound\通航孔装置拼组9.mp3

D13连接节点钣D14和节点钣D5，支撑导向杆。

起始状态: 隐藏		终止状态: 显示		移动节点: 1
1000	1	0	0	0	0	1	0	0	0	0	1	0	-0.5	0	0	1
1000	1	0	0	0	0	1	0	0	0	0	1	0	0	0	0	1

配合:		0


9	2
M22x60-8
安装斜撑杆D13
没有标记
sound\通航孔装置拼组9.mp3

D13连接节点钣D14和节点钣D5，支撑导向杆。

起始状态: 隐藏		终止状态: 显示		移动节点: 1
1000	1	0	0	0	0	1	0	0	0	0	1	0	-0.5	0	0	1
1000	1	0	0	0	0	1	0	0	0	0	1	0	0	0	0	1

配合:		0


9	2
M22x60-17
安装斜撑杆D13
没有标记
sound\通航孔装置拼组9.mp3

D13连接节点钣D14和节点钣D5，支撑导向杆。

起始状态: 隐藏		终止状态: 显示		移动节点: 1
1000	1	0	0	0	0	1	0	0	0	0	1	0	-0.5	0	0	1
1000	1	0	0	0	0	1	0	0	0	0	1	0	0	0	0	1

配合:		0


9	2
M22x60-37
安装斜撑杆D13
没有标记
sound\通航孔装置拼组9.mp3

D13连接节点钣D14和节点钣D5，支撑导向杆。

起始状态: 隐藏		终止状态: 显示		移动节点: 1
1000	1	0	0	0	0	1	0	0	0	0	1	0	-0.5	0	0	1
1000	1	0	0	0	0	1	0	0	0	0	1	0	0	0	0	1

配合:		0


9	2
M22x60-39
安装斜撑杆D13
没有标记
sound\通航孔装置拼组9.mp3

D13连接节点钣D14和节点钣D5，支撑导向杆。

起始状态: 隐藏		终止状态: 显示		移动节点: 1
1000	1	0	0	0	0	1	0	0	0	0	1	0	-0.5	0	0	1
1000	1	0	0	0	0	1	0	0	0	0	1	0	0	0	0	1

配合:		0


9	2
M22螺母-20
安装斜撑杆D13
没有标记
sound\通航孔装置拼组9.mp3

D13连接节点钣D14和节点钣D5，支撑导向杆。

起始状态: 隐藏		终止状态: 显示		移动节点: 1
1000	1	0	0	0	0	1	0	0	0	0	1	0	0	0	0.5	1
1000	1	0	0	0	0	1	0	0	0	0	1	0	0	0	0	1

配合:		0


9	2
M22x60-34
安装斜撑杆D13
没有标记
sound\通航孔装置拼组9.mp3

D13连接节点钣D14和节点钣D5，支撑导向杆。

起始状态: 隐藏		终止状态: 显示		移动节点: 1
1000	1	0	0	0	0	1	0	0	0	0	1	0	-0.5	0	0	1
1000	1	0	0	0	0	1	0	0	0	0	1	0	0	0	0	1

配合:		0


9	2
垫圈M22-15
安装斜撑杆D13
没有标记
sound\通航孔装置拼组9.mp3

D13连接节点钣D14和节点钣D5，支撑导向杆。

起始状态: 隐藏		终止状态: 显示		移动节点: 1
1000	1	0	0	0	0	1	0	0	0	0	1	0	-0.5	0	0	1
1000	1	0	0	0	0	1	0	0	0	0	1	0	0	0	0	1

配合:		0


9	2
M22x60-40
安装斜撑杆D13
没有标记
sound\通航孔装置拼组9.mp3

D13连接节点钣D14和节点钣D5，支撑导向杆。

起始状态: 隐藏		终止状态: 显示		移动节点: 1
1000	1	0	0	0	0	1	0	0	0	0	1	0	-0.5	0	0	1
1000	1	0	0	0	0	1	0	0	0	0	1	0	0	0	0	1

配合:		0


9	2
M22螺母-54
安装斜撑杆D13
没有标记
sound\通航孔装置拼组9.mp3

D13连接节点钣D14和节点钣D5，支撑导向杆。

起始状态: 隐藏		终止状态: 显示		移动节点: 1
1000	1	0	0	0	0	1	0	0	0	0	1	0	0	0	0.5	1
1000	1	0	0	0	0	1	0	0	0	0	1	0	0	0	0	1

配合:		0


9	2
M22x60-16
安装斜撑杆D13
没有标记
sound\通航孔装置拼组9.mp3

D13连接节点钣D14和节点钣D5，支撑导向杆。

起始状态: 隐藏		终止状态: 显示		移动节点: 1
1000	1	0	0	0	0	1	0	0	0	0	1	0	-0.5	0	0	1
1000	1	0	0	0	0	1	0	0	0	0	1	0	0	0	0	1

配合:		0


9	2
M22螺母-14
安装斜撑杆D13
没有标记
sound\通航孔装置拼组9.mp3

D13连接节点钣D14和节点钣D5，支撑导向杆。

起始状态: 隐藏		终止状态: 显示		移动节点: 1
1000	1	0	0	0	0	1	0	0	0	0	1	0	0	0	0.5	1
1000	1	0	0	0	0	1	0	0	0	0	1	0	0	0	0	1

配合:		0


10	1
标准梁节-2
安装联结角钢
没有标记
sound\通航孔装置拼组10.mp3

在邻近梁节的的腹板上安装联结角钢D6,D7,连接D8节点钣。

起始状态: 隐藏		终止状态: 显示		移动节点: 1
1500	1	0	0	0	0	1	0	0	0	0	1	0	0	3	0	1
1500	1	0	0	0	0	1	0	0	0	0	1	0	0	0	0	1

配合:		0


10	2
联接角钢D6-2
安装联结角钢
没有标记
sound\通航孔装置拼组10.mp3

在邻近梁节的的腹板上安装联结角钢D6,D7,连接D8节点钣。

起始状态: 隐藏		终止状态: 显示		移动节点: 1
1500	1	0	0	0	0	1	0	0	0	0	1	0	0	0	0.8	1
1500	1	0	0	0	0	1	0	0	0	0	1	0	0	0	0	1

配合:		0


10	2
联接角钢D7-2
安装联结角钢
没有标记
sound\通航孔装置拼组10.mp3

在邻近梁节的的腹板上安装联结角钢D6,D7,连接D8节点钣。

起始状态: 隐藏		终止状态: 显示		移动节点: 1
1500	1	0	0	0	0	1	0	0	0	0	1	0	0	0.8	0	1
1500	1	0	0	0	0	1	0	0	0	0	1	0	0	0	0	1

配合:		1
没有标记
联接角钢D7-2	0	0
标准梁节-2	0	27


10	3
M22x60-51
安装联结角钢
没有标记
sound\通航孔装置拼组10.mp3

在邻近梁节的的腹板上安装联结角钢D6,D7,连接D8节点钣。

起始状态: 隐藏		终止状态: 显示		移动节点: 1
1000	1	0	0	0	0	1	0	0	0	0	1	0	-0.3	0	0	1
1000	1	0	0	0	0	1	0	0	0	0	1	0	0	0	0	1

配合:		0


10	3
垫圈M22-70
安装联结角钢
没有标记
sound\通航孔装置拼组10.mp3

在邻近梁节的的腹板上安装联结角钢D6,D7,连接D8节点钣。

起始状态: 隐藏		终止状态: 显示		移动节点: 1
1000	1	0	0	0	0	1	0	0	0	0	1	0	-0.5	0	0	1
1000	1	0	0	0	0	1	0	0	0	0	1	0	0	0	0	1

配合:		0


10	3
M22x60-43
安装联结角钢
没有标记
sound\通航孔装置拼组10.mp3

在邻近梁节的的腹板上安装联结角钢D6,D7,连接D8节点钣。

起始状态: 隐藏		终止状态: 显示		移动节点: 1
1000	1	0	0	0	0	1	0	0	0	0	1	0	-0.3	0	0	1
1000	1	0	0	0	0	1	0	0	0	0	1	0	0	0	0	1

配合:		0


10	3
M22x60-57
安装联结角钢
没有标记
sound\通航孔装置拼组10.mp3

在邻近梁节的的腹板上安装联结角钢D6,D7,连接D8节点钣。

起始状态: 隐藏		终止状态: 显示		移动节点: 1
1000	1	0	0	0	0	1	0	0	0	0	1	0	-0.3	0	0	1
1000	1	0	0	0	0	1	0	0	0	0	1	0	0	0	0	1

配合:		0


10	3
M22螺母-77
安装联结角钢
没有标记
sound\通航孔装置拼组10.mp3

在邻近梁节的的腹板上安装联结角钢D6,D7,连接D8节点钣。

起始状态: 隐藏		终止状态: 显示		移动节点: 1
1000	1	0	0	0	0	1	0	0	0	0	1	0	0	0	0.5	1
1000	1	0	0	0	0	1	0	0	0	0	1	0	0	0	0	1

配合:		0


10	3
M22x60-52
安装联结角钢
没有标记
sound\通航孔装置拼组10.mp3

在邻近梁节的的腹板上安装联结角钢D6,D7,连接D8节点钣。

起始状态: 隐藏		终止状态: 显示		移动节点: 1
1000	1	0	0	0	0	1	0	0	0	0	1	0	-0.3	0	0	1
1000	1	0	0	0	0	1	0	0	0	0	1	0	0	0	0	1

配合:		0


10	3
垫圈M22-65
安装联结角钢
没有标记
sound\通航孔装置拼组10.mp3

在邻近梁节的的腹板上安装联结角钢D6,D7,连接D8节点钣。

起始状态: 隐藏		终止状态: 显示		移动节点: 1
1000	1	0	0	0	0	1	0	0	0	0	1	0	-0.5	0	0	1
1000	1	0	0	0	0	1	0	0	0	0	1	0	0	0	0	1

配合:		0


10	3
垫圈M22-72
安装联结角钢
没有标记
sound\通航孔装置拼组10.mp3

在邻近梁节的的腹板上安装联结角钢D6,D7,连接D8节点钣。

起始状态: 隐藏		终止状态: 显示		移动节点: 1
1000	1	0	0	0	0	1	0	0	0	0	1	0	-0.5	0	0	1
1000	1	0	0	0	0	1	0	0	0	0	1	0	0	0	0	1

配合:		0


10	3
M22螺母-70
安装联结角钢
没有标记
sound\通航孔装置拼组10.mp3

在邻近梁节的的腹板上安装联结角钢D6,D7,连接D8节点钣。

起始状态: 隐藏		终止状态: 显示		移动节点: 1
1000	1	0	0	0	0	1	0	0	0	0	1	0	0	0	0.5	1
1000	1	0	0	0	0	1	0	0	0	0	1	0	0	0	0	1

配合:		0


10	3
M22x60-44
安装联结角钢
没有标记
sound\通航孔装置拼组10.mp3

在邻近梁节的的腹板上安装联结角钢D6,D7,连接D8节点钣。

起始状态: 隐藏		终止状态: 显示		移动节点: 1
1000	1	0	0	0	0	1	0	0	0	0	1	0	-0.3	0	0	1
1000	1	0	0	0	0	1	0	0	0	0	1	0	0	0	0	1

配合:		0


10	3
M22螺母-78
安装联结角钢
没有标记
sound\通航孔装置拼组10.mp3

在邻近梁节的的腹板上安装联结角钢D6,D7,连接D8节点钣。

起始状态: 隐藏		终止状态: 显示		移动节点: 1
1000	1	0	0	0	0	1	0	0	0	0	1	0	0	0	0.5	1
1000	1	0	0	0	0	1	0	0	0	0	1	0	0	0	0	1

配合:		0


10	3
M22螺母-71
安装联结角钢
没有标记
sound\通航孔装置拼组10.mp3

在邻近梁节的的腹板上安装联结角钢D6,D7,连接D8节点钣。

起始状态: 隐藏		终止状态: 显示		移动节点: 1
1000	1	0	0	0	0	1	0	0	0	0	1	0	0	0	0.5	1
1000	1	0	0	0	0	1	0	0	0	0	1	0	0	0	0	1

配合:		0


10	3
M22螺母-67
安装联结角钢
没有标记
sound\通航孔装置拼组10.mp3

在邻近梁节的的腹板上安装联结角钢D6,D7,连接D8节点钣。

起始状态: 隐藏		终止状态: 显示		移动节点: 1
1000	1	0	0	0	0	1	0	0	0	0	1	0	0	0	0.5	1
1000	1	0	0	0	0	1	0	0	0	0	1	0	0	0	0	1

配合:		0


10	3
M22螺母-60
安装联结角钢
没有标记
sound\通航孔装置拼组10.mp3

在邻近梁节的的腹板上安装联结角钢D6,D7,连接D8节点钣。

起始状态: 隐藏		终止状态: 显示		移动节点: 1
1000	1	0	0	0	0	1	0	0	0	0	1	0	0	0	0.5	1
1000	1	0	0	0	0	1	0	0	0	0	1	0	0	0	0	1

配合:		0


10	3
垫圈M22-79
安装联结角钢
没有标记
sound\通航孔装置拼组10.mp3

在邻近梁节的的腹板上安装联结角钢D6,D7,连接D8节点钣。

起始状态: 隐藏		终止状态: 显示		移动节点: 1
1000	1	0	0	0	0	1	0	0	0	0	1	0	-0.5	0	0	1
1000	1	0	0	0	0	1	0	0	0	0	1	0	0	0	0	1

配合:		0


10	3
垫圈M22-71
安装联结角钢
没有标记
sound\通航孔装置拼组10.mp3

在邻近梁节的的腹板上安装联结角钢D6,D7,连接D8节点钣。

起始状态: 隐藏		终止状态: 显示		移动节点: 1
1000	1	0	0	0	0	1	0	0	0	0	1	0	-0.5	0	0	1
1000	1	0	0	0	0	1	0	0	0	0	1	0	0	0	0	1

配合:		0


10	3
M22x60-58
安装联结角钢
没有标记
sound\通航孔装置拼组10.mp3

在邻近梁节的的腹板上安装联结角钢D6,D7,连接D8节点钣。

起始状态: 隐藏		终止状态: 显示		移动节点: 1
1000	1	0	0	0	0	1	0	0	0	0	1	0	-0.3	0	0	1
1000	1	0	0	0	0	1	0	0	0	0	1	0	0	0	0	1

配合:		0


10	3
垫圈M22-78
安装联结角钢
没有标记
sound\通航孔装置拼组10.mp3

在邻近梁节的的腹板上安装联结角钢D6,D7,连接D8节点钣。

起始状态: 隐藏		终止状态: 显示		移动节点: 1
1000	1	0	0	0	0	1	0	0	0	0	1	0	-0.5	0	0	1
1000	1	0	0	0	0	1	0	0	0	0	1	0	0	0	0	1

配合:		0


11	1
节点板D8-1
安装节点板D8
没有标记
sound\通航孔装置拼组11.mp3

节点钣D8连接D6联结角钢与D9短斜撑。

起始状态: 隐藏		终止状态: 显示		移动节点: 1
1500	1	0	0	0	0	1	0	0	0	0	1	0	0	0	-0.5	1
1500	1	0	0	0	0	1	0	0	0	0	1	0	0	0	0	1

配合:		1
没有标记
节点板D8-1	0	1
联接角钢D7-2	0	1


11	1
节点板D8-2
安装节点板D8
没有标记
sound\通航孔装置拼组11.mp3

节点钣D8连接D6联结角钢与D9短斜撑。

起始状态: 隐藏		终止状态: 显示		移动节点: 1
1500	1	0	0	0	0	1	0	0	0	0	1	0	0	0	-0.5	1
1500	1	0	0	0	0	1	0	0	0	0	1	0	0	0	0	1

配合:		0


11	2
M22螺母-72
安装节点板D8
没有标记
sound\通航孔装置拼组11.mp3

节点钣D8连接D6联结角钢与D9短斜撑。

起始状态: 隐藏		终止状态: 显示		移动节点: 1
1000	1	0	0	0	0	1	0	0	0	0	1	0	0	0	0.5	1
1000	1	0	0	0	0	1	0	0	0	0	1	0	0	0	0	1

配合:		0


11	2
M22x60-50
安装节点板D8
没有标记
sound\通航孔装置拼组11.mp3

节点钣D8连接D6联结角钢与D9短斜撑。

起始状态: 隐藏		终止状态: 显示		移动节点: 1
1000	1	0	0	0	0	1	0	0	0	0	1	0	-0.5	0	0	1
1000	1	0	0	0	0	1	0	0	0	0	1	0	0	0	0	1

配合:		0


11	2
M22x60-54
安装节点板D8
没有标记
sound\通航孔装置拼组11.mp3

节点钣D8连接D6联结角钢与D9短斜撑。

起始状态: 隐藏		终止状态: 显示		移动节点: 1
1000	1	0	0	0	0	1	0	0	0	0	1	0	-0.5	0	0	1
1000	1	0	0	0	0	1	0	0	0	0	1	0	0	0	0	1

配合:		0


11	2
垫圈M22-81
安装节点板D8
没有标记
sound\通航孔装置拼组11.mp3

节点钣D8连接D6联结角钢与D9短斜撑。

起始状态: 隐藏		终止状态: 显示		移动节点: 1
1000	1	0	0	0	0	1	0	0	0	0	1	0	-0.5	0	0	1
1000	1	0	0	0	0	1	0	0	0	0	1	0	0	0	0	1

配合:		0


11	2
垫圈M22-74
安装节点板D8
没有标记
sound\通航孔装置拼组11.mp3

节点钣D8连接D6联结角钢与D9短斜撑。

起始状态: 隐藏		终止状态: 显示		移动节点: 1
1000	1	0	0	0	0	1	0	0	0	0	1	0	-0.5	0	0	1
1000	1	0	0	0	0	1	0	0	0	0	1	0	0	0	0	1

配合:		0


11	2
M22螺母-61
安装节点板D8
没有标记
sound\通航孔装置拼组11.mp3

节点钣D8连接D6联结角钢与D9短斜撑。

起始状态: 隐藏		终止状态: 显示		移动节点: 1
1000	1	0	0	0	0	1	0	0	0	0	1	0	0	0	0.5	1
1000	1	0	0	0	0	1	0	0	0	0	1	0	0	0	0	1

配合:		0


11	2
M22x60-45
安装节点板D8
没有标记
sound\通航孔装置拼组11.mp3

节点钣D8连接D6联结角钢与D9短斜撑。

起始状态: 隐藏		终止状态: 显示		移动节点: 1
1000	1	0	0	0	0	1	0	0	0	0	1	0	-0.5	0	0	1
1000	1	0	0	0	0	1	0	0	0	0	1	0	0	0	0	1

配合:		0


11	2
M22x60-60
安装节点板D8
没有标记
sound\通航孔装置拼组11.mp3

节点钣D8连接D6联结角钢与D9短斜撑。

起始状态: 隐藏		终止状态: 显示		移动节点: 1
1000	1	0	0	0	0	1	0	0	0	0	1	0	-0.5	0	0	1
1000	1	0	0	0	0	1	0	0	0	0	1	0	0	0	0	1

配合:		0


11	2
M22螺母-73
安装节点板D8
没有标记
sound\通航孔装置拼组11.mp3

节点钣D8连接D6联结角钢与D9短斜撑。

起始状态: 隐藏		终止状态: 显示		移动节点: 1
1000	1	0	0	0	0	1	0	0	0	0	1	0	0	0	0.5	1
1000	1	0	0	0	0	1	0	0	0	0	1	0	0	0	0	1

配合:		0


11	2
垫圈M22-63
安装节点板D8
没有标记
sound\通航孔装置拼组11.mp3

节点钣D8连接D6联结角钢与D9短斜撑。

起始状态: 隐藏		终止状态: 显示		移动节点: 1
1000	1	0	0	0	0	1	0	0	0	0	1	0	-0.5	0	0	1
1000	1	0	0	0	0	1	0	0	0	0	1	0	0	0	0	1

配合:		0


11	2
M22螺母-79
安装节点板D8
没有标记
sound\通航孔装置拼组11.mp3

节点钣D8连接D6联结角钢与D9短斜撑。

起始状态: 隐藏		终止状态: 显示		移动节点: 1
1000	1	0	0	0	0	1	0	0	0	0	1	0	0	0	0.5	1
1000	1	0	0	0	0	1	0	0	0	0	1	0	0	0	0	1

配合:		0


11	2
M22螺母-68
安装节点板D8
没有标记
sound\通航孔装置拼组11.mp3

节点钣D8连接D6联结角钢与D9短斜撑。

起始状态: 隐藏		终止状态: 显示		移动节点: 1
1000	1	0	0	0	0	1	0	0	0	0	1	0	0	0	0.5	1
1000	1	0	0	0	0	1	0	0	0	0	1	0	0	0	0	1

配合:		0


11	2
M22螺母-80
安装节点板D8
没有标记
sound\通航孔装置拼组11.mp3

节点钣D8连接D6联结角钢与D9短斜撑。

起始状态: 隐藏		终止状态: 显示		移动节点: 1
1000	1	0	0	0	0	1	0	0	0	0	1	0	0	0	0.5	1
1000	1	0	0	0	0	1	0	0	0	0	1	0	0	0	0	1

配合:		0


11	2
垫圈M22-80
安装节点板D8
没有标记
sound\通航孔装置拼组11.mp3

节点钣D8连接D6联结角钢与D9短斜撑。

起始状态: 隐藏		终止状态: 显示		移动节点: 1
1000	1	0	0	0	0	1	0	0	0	0	1	0	-0.5	0	0	1
1000	1	0	0	0	0	1	0	0	0	0	1	0	0	0	0	1

配合:		0


11	2
垫圈M22-73
安装节点板D8
没有标记
sound\通航孔装置拼组11.mp3

节点钣D8连接D6联结角钢与D9短斜撑。

起始状态: 隐藏		终止状态: 显示		移动节点: 1
1000	1	0	0	0	0	1	0	0	0	0	1	0	-0.5	0	0	1
1000	1	0	0	0	0	1	0	0	0	0	1	0	0	0	0	1

配合:		0


11	2
M22x60-59
安装节点板D8
没有标记
sound\通航孔装置拼组11.mp3

节点钣D8连接D6联结角钢与D9短斜撑。

起始状态: 隐藏		终止状态: 显示		移动节点: 1
1000	1	0	0	0	0	1	0	0	0	0	1	0	-0.5	0	0	1
1000	1	0	0	0	0	1	0	0	0	0	1	0	0	0	0	1

配合:		0


11	2
M22x60-53
安装节点板D8
没有标记
sound\通航孔装置拼组11.mp3

节点钣D8连接D6联结角钢与D9短斜撑。

起始状态: 隐藏		终止状态: 显示		移动节点: 1
1000	1	0	0	0	0	1	0	0	0	0	1	0	-0.5	0	0	1
1000	1	0	0	0	0	1	0	0	0	0	1	0	0	0	0	1

配合:		0


11	2
垫圈M22-69
安装节点板D8
没有标记
sound\通航孔装置拼组11.mp3

节点钣D8连接D6联结角钢与D9短斜撑。

起始状态: 隐藏		终止状态: 显示		移动节点: 1
1000	1	0	0	0	0	1	0	0	0	0	1	0	-0.5	0	0	1
1000	1	0	0	0	0	1	0	0	0	0	1	0	0	0	0	1

配合:		0


12	1
滚轮-1
安装滚轮D10
没有标记
sound\通航孔装置拼组12.mp3

滚轮安装在合拢孔两端，顶端合拢孔门桥合拢时，滚轮可沿着导向杆或D11工字钢滚动合拢。

起始状态: 隐藏		终止状态: 显示		移动节点: 1
1500	1	0	0	0	0	1	0	0	0	0	1	0	0	0	0.8	1
1500	1	0	0	0	0	1	0	0	0	0	1	0	0	0	0	1

配合:		0


12	1
滚轮-2
安装滚轮D10
没有标记
sound\通航孔装置拼组12.mp3

滚轮安装在合拢孔两端，顶端合拢孔门桥合拢时，滚轮可沿着导向杆或D11工字钢滚动合拢。

起始状态: 隐藏		终止状态: 显示		移动节点: 1
1500	1	0	0	0	0	1	0	0	0	0	1	0	0	0	0.8	1
1500	1	0	0	0	0	1	0	0	0	0	1	0	0	0	0	1

配合:		0


12	2
M22x80-21
安装滚轮D10
没有标记
sound\通航孔装置拼组12.mp3

滚轮安装在合拢孔两端，顶端合拢孔门桥合拢时，滚轮可沿着导向杆或D11工字钢滚动合拢。

起始状态: 隐藏		终止状态: 显示		移动节点: 1
1000	1	0	0	0	0	1	0	0	0	0	1	0	-0.5	0	0	1
1000	1	0	0	0	0	1	0	0	0	0	1	0	0	0	0	1

配合:		0


12	2
M22螺母-64
安装滚轮D10
没有标记
sound\通航孔装置拼组12.mp3

滚轮安装在合拢孔两端，顶端合拢孔门桥合拢时，滚轮可沿着导向杆或D11工字钢滚动合拢。

起始状态: 隐藏		终止状态: 显示		移动节点: 1
1000	1	0	0	0	0	1	0	0	0	0	1	0	0	0	0.5	1
1000	1	0	0	0	0	1	0	0	0	0	1	0	0	0	0	1

配合:		0


12	2
M22螺母-83
安装滚轮D10
没有标记
sound\通航孔装置拼组12.mp3

滚轮安装在合拢孔两端，顶端合拢孔门桥合拢时，滚轮可沿着导向杆或D11工字钢滚动合拢。

起始状态: 隐藏		终止状态: 显示		移动节点: 1
1000	1	0	0	0	0	1	0	0	0	0	1	0	0	0	0.5	1
1000	1	0	0	0	0	1	0	0	0	0	1	0	0	0	0	1

配合:		0


12	2
垫圈M22-84
安装滚轮D10
没有标记
sound\通航孔装置拼组12.mp3

滚轮安装在合拢孔两端，顶端合拢孔门桥合拢时，滚轮可沿着导向杆或D11工字钢滚动合拢。

起始状态: 隐藏		终止状态: 显示		移动节点: 1
1000	1	0	0	0	0	1	0	0	0	0	1	0	-0.5	0	0	1
1000	1	0	0	0	0	1	0	0	0	0	1	0	0	0	0	1

配合:		0


12	2
M22螺母-85
安装滚轮D10
没有标记
sound\通航孔装置拼组12.mp3

滚轮安装在合拢孔两端，顶端合拢孔门桥合拢时，滚轮可沿着导向杆或D11工字钢滚动合拢。

起始状态: 隐藏		终止状态: 显示		移动节点: 1
1000	1	0	0	0	0	1	0	0	0	0	1	0	0	0	0.5	1
1000	1	0	0	0	0	1	0	0	0	0	1	0	0	0	0	1

配合:		0


12	2
M22x80-23
安装滚轮D10
没有标记
sound\通航孔装置拼组12.mp3

滚轮安装在合拢孔两端，顶端合拢孔门桥合拢时，滚轮可沿着导向杆或D11工字钢滚动合拢。

起始状态: 隐藏		终止状态: 显示		移动节点: 1
1000	1	0	0	0	0	1	0	0	0	0	1	0	-0.5	0	0	1
1000	1	0	0	0	0	1	0	0	0	0	1	0	0	0	0	1

配合:		0


12	2
M22x80-24
安装滚轮D10
没有标记
sound\通航孔装置拼组12.mp3

滚轮安装在合拢孔两端，顶端合拢孔门桥合拢时，滚轮可沿着导向杆或D11工字钢滚动合拢。

起始状态: 隐藏		终止状态: 显示		移动节点: 1
1000	1	0	0	0	0	1	0	0	0	0	1	0	-0.5	0	0	1
1000	1	0	0	0	0	1	0	0	0	0	1	0	0	0	0	1

配合:		0


12	2
M22x80-22
安装滚轮D10
没有标记
sound\通航孔装置拼组12.mp3

滚轮安装在合拢孔两端，顶端合拢孔门桥合拢时，滚轮可沿着导向杆或D11工字钢滚动合拢。

起始状态: 隐藏		终止状态: 显示		移动节点: 1
1000	1	0	0	0	0	1	0	0	0	0	1	0	-0.5	0	0	1
1000	1	0	0	0	0	1	0	0	0	0	1	0	0	0	0	1

配合:		0


12	2
垫圈M22-86
安装滚轮D10
没有标记
sound\通航孔装置拼组12.mp3

滚轮安装在合拢孔两端，顶端合拢孔门桥合拢时，滚轮可沿着导向杆或D11工字钢滚动合拢。

起始状态: 隐藏		终止状态: 显示		移动节点: 1
1000	1	0	0	0	0	1	0	0	0	0	1	0	-0.5	0	0	1
1000	1	0	0	0	0	1	0	0	0	0	1	0	0	0	0	1

配合:		0


12	2
垫圈M22-61
安装滚轮D10
没有标记
sound\通航孔装置拼组12.mp3

滚轮安装在合拢孔两端，顶端合拢孔门桥合拢时，滚轮可沿着导向杆或D11工字钢滚动合拢。

起始状态: 隐藏		终止状态: 显示		移动节点: 1
1000	1	0	0	0	0	1	0	0	0	0	1	0	-0.5	0	0	1
1000	1	0	0	0	0	1	0	0	0	0	1	0	0	0	0	1

配合:		0


12	2
垫圈M22-85
安装滚轮D10
没有标记
sound\通航孔装置拼组12.mp3

滚轮安装在合拢孔两端，顶端合拢孔门桥合拢时，滚轮可沿着导向杆或D11工字钢滚动合拢。

起始状态: 隐藏		终止状态: 显示		移动节点: 1
1000	1	0	0	0	0	1	0	0	0	0	1	0	-0.5	0	0	1
1000	1	0	0	0	0	1	0	0	0	0	1	0	0	0	0	1

配合:		0


12	2
M22螺母-84
安装滚轮D10
没有标记
sound\通航孔装置拼组12.mp3

滚轮安装在合拢孔两端，顶端合拢孔门桥合拢时，滚轮可沿着导向杆或D11工字钢滚动合拢。

起始状态: 隐藏		终止状态: 显示		移动节点: 1
1000	1	0	0	0	0	1	0	0	0	0	1	0	0	0	0.5	1
1000	1	0	0	0	0	1	0	0	0	0	1	0	0	0	0	1

配合:		0


13	1
短斜撑D9-3
安装斜撑杆D9
没有标记
sound\通航孔装置拼组13.mp3

斜撑杆D9与D8节点钣和D10滚轮件相连，支撑滚轮。

起始状态: 隐藏		终止状态: 显示		移动节点: 1
1500	1	0	0	0	0	1	0	0	0	0	1	0	0	0	0.7	1
1500	1	0	0	0	0	1	0	0	0	0	1	0	0	0	0	1

配合:		0


13	1
短斜撑D9-1
安装斜撑杆D9
没有标记
sound\通航孔装置拼组13.mp3

斜撑杆D9与D8节点钣和D10滚轮件相连，支撑滚轮。

起始状态: 隐藏		终止状态: 显示		移动节点: 1
1500	1	0	0	0	0	1	0	0	0	0	1	0	0	0	0.7	1
1500	1	0	0	0	0	1	0	0	0	0	1	0	0	0	0	1

配合:		1
没有标记
短斜撑D9-1	0	0
节点板D8-1	0	0


13	2
垫圈M22-62
安装斜撑杆D9
没有标记
sound\通航孔装置拼组13.mp3

斜撑杆D9与D8节点钣和D10滚轮件相连，支撑滚轮。

起始状态: 隐藏		终止状态: 显示		移动节点: 1
1000	1	0	0	0	0	1	0	0	0	0	1	0	-0.5	0	0	1
1000	1	0	0	0	0	1	0	0	0	0	1	0	0	0	0	1

配合:		0


13	2
垫圈M22-75
安装斜撑杆D9
没有标记
sound\通航孔装置拼组13.mp3

斜撑杆D9与D8节点钣和D10滚轮件相连，支撑滚轮。

起始状态: 隐藏		终止状态: 显示		移动节点: 1
1000	1	0	0	0	0	1	0	0	0	0	1	0	-0.5	0	0	1
1000	1	0	0	0	0	1	0	0	0	0	1	0	0	0	0	1

配合:		0


13	2
M22螺母-62
安装斜撑杆D9
没有标记
sound\通航孔装置拼组13.mp3

斜撑杆D9与D8节点钣和D10滚轮件相连，支撑滚轮。

起始状态: 隐藏		终止状态: 显示		移动节点: 1
1000	1	0	0	0	0	1	0	0	0	0	1	0	0	0	0.5	1
1000	1	0	0	0	0	1	0	0	0	0	1	0	0	0	0	1

配合:		0


13	2
垫圈M22-64
安装斜撑杆D9
没有标记
sound\通航孔装置拼组13.mp3

斜撑杆D9与D8节点钣和D10滚轮件相连，支撑滚轮。

起始状态: 隐藏		终止状态: 显示		移动节点: 1
1000	1	0	0	0	0	1	0	0	0	0	1	0	-0.5	0	0	1
1000	1	0	0	0	0	1	0	0	0	0	1	0	0	0	0	1

配合:		0


13	2
M22螺母-63
安装斜撑杆D9
没有标记
sound\通航孔装置拼组13.mp3

斜撑杆D9与D8节点钣和D10滚轮件相连，支撑滚轮。

起始状态: 隐藏		终止状态: 显示		移动节点: 1
1000	1	0	0	0	0	1	0	0	0	0	1	0	0	0	0.5	1
1000	1	0	0	0	0	1	0	0	0	0	1	0	0	0	0	1

配合:		0


13	2
垫圈M22-76
安装斜撑杆D9
没有标记
sound\通航孔装置拼组13.mp3

斜撑杆D9与D8节点钣和D10滚轮件相连，支撑滚轮。

起始状态: 隐藏		终止状态: 显示		移动节点: 1
1000	1	0	0	0	0	1	0	0	0	0	1	0	-0.5	0	0	1
1000	1	0	0	0	0	1	0	0	0	0	1	0	0	0	0	1

配合:		0


13	2
M22x60-47
安装斜撑杆D9
没有标记
sound\通航孔装置拼组13.mp3

斜撑杆D9与D8节点钣和D10滚轮件相连，支撑滚轮。

起始状态: 隐藏		终止状态: 显示		移动节点: 1
1000	1	0	0	0	0	1	0	0	0	0	1	0	-0.5	0	0	1
1000	1	0	0	0	0	1	0	0	0	0	1	0	0	0	0	1

配合:		0


13	2
M22x60-61
安装斜撑杆D9
没有标记
sound\通航孔装置拼组13.mp3

斜撑杆D9与D8节点钣和D10滚轮件相连，支撑滚轮。

起始状态: 隐藏		终止状态: 显示		移动节点: 1
1000	1	0	0	0	0	1	0	0	0	0	1	0	-0.5	0	0	1
1000	1	0	0	0	0	1	0	0	0	0	1	0	0	0	0	1

配合:		0


13	2
垫圈M22-83
安装斜撑杆D9
没有标记
sound\通航孔装置拼组13.mp3

斜撑杆D9与D8节点钣和D10滚轮件相连，支撑滚轮。

起始状态: 隐藏		终止状态: 显示		移动节点: 1
1000	1	0	0	0	0	1	0	0	0	0	1	0	-0.5	0	0	1
1000	1	0	0	0	0	1	0	0	0	0	1	0	0	0	0	1

配合:		0


13	2
M22螺母-82
安装斜撑杆D9
没有标记
sound\通航孔装置拼组13.mp3

斜撑杆D9与D8节点钣和D10滚轮件相连，支撑滚轮。

起始状态: 隐藏		终止状态: 显示		移动节点: 1
1000	1	0	0	0	0	1	0	0	0	0	1	0	0	0	0.5	1
1000	1	0	0	0	0	1	0	0	0	0	1	0	0	0	0	1

配合:		0


13	2
M22x60-56
安装斜撑杆D9
没有标记
sound\通航孔装置拼组13.mp3

斜撑杆D9与D8节点钣和D10滚轮件相连，支撑滚轮。

起始状态: 隐藏		终止状态: 显示		移动节点: 1
1000	1	0	0	0	0	1	0	0	0	0	1	0	-0.5	0	0	1
1000	1	0	0	0	0	1	0	0	0	0	1	0	0	0	0	1

配合:		0


13	2
M22x60-62
安装斜撑杆D9
没有标记
sound\通航孔装置拼组13.mp3

斜撑杆D9与D8节点钣和D10滚轮件相连，支撑滚轮。

起始状态: 隐藏		终止状态: 显示		移动节点: 1
1000	1	0	0	0	0	1	0	0	0	0	1	0	-0.5	0	0	1
1000	1	0	0	0	0	1	0	0	0	0	1	0	0	0	0	1

配合:		0


13	2
垫圈M22-82
安装斜撑杆D9
没有标记
sound\通航孔装置拼组13.mp3

斜撑杆D9与D8节点钣和D10滚轮件相连，支撑滚轮。

起始状态: 隐藏		终止状态: 显示		移动节点: 1
1000	1	0	0	0	0	1	0	0	0	0	1	0	-0.5	0	0	1
1000	1	0	0	0	0	1	0	0	0	0	1	0	0	0	0	1

配合:		0


13	2
M22螺母-69
安装斜撑杆D9
没有标记
sound\通航孔装置拼组13.mp3

斜撑杆D9与D8节点钣和D10滚轮件相连，支撑滚轮。

起始状态: 隐藏		终止状态: 显示		移动节点: 1
1000	1	0	0	0	0	1	0	0	0	0	1	0	0	0	0.5	1
1000	1	0	0	0	0	1	0	0	0	0	1	0	0	0	0	1

配合:		0


13	2
M22x60-49
安装斜撑杆D9
没有标记
sound\通航孔装置拼组13.mp3

斜撑杆D9与D8节点钣和D10滚轮件相连，支撑滚轮。

起始状态: 隐藏		终止状态: 显示		移动节点: 1
1000	1	0	0	0	0	1	0	0	0	0	1	0	-0.5	0	0	1
1000	1	0	0	0	0	1	0	0	0	0	1	0	0	0	0	1

配合:		0


13	2
M22螺母-75
安装斜撑杆D9
没有标记
sound\通航孔装置拼组13.mp3

斜撑杆D9与D8节点钣和D10滚轮件相连，支撑滚轮。

起始状态: 隐藏		终止状态: 显示		移动节点: 1
1000	1	0	0	0	0	1	0	0	0	0	1	0	0	0	0.5	1
1000	1	0	0	0	0	1	0	0	0	0	1	0	0	0	0	1

配合:		0


13	2
M22螺母-66
安装斜撑杆D9
没有标记
sound\通航孔装置拼组13.mp3

斜撑杆D9与D8节点钣和D10滚轮件相连，支撑滚轮。

起始状态: 隐藏		终止状态: 显示		移动节点: 1
1000	1	0	0	0	0	1	0	0	0	0	1	0	0	0	0.5	1
1000	1	0	0	0	0	1	0	0	0	0	1	0	0	0	0	1

配合:		0


13	2
M22x60-48
安装斜撑杆D9
没有标记
sound\通航孔装置拼组13.mp3

斜撑杆D9与D8节点钣和D10滚轮件相连，支撑滚轮。

起始状态: 隐藏		终止状态: 显示		移动节点: 1
1000	1	0	0	0	0	1	0	0	0	0	1	0	-0.5	0	0	1
1000	1	0	0	0	0	1	0	0	0	0	1	0	0	0	0	1

配合:		0


13	2
垫圈M22-68
安装斜撑杆D9
没有标记
sound\通航孔装置拼组13.mp3

斜撑杆D9与D8节点钣和D10滚轮件相连，支撑滚轮。

起始状态: 隐藏		终止状态: 显示		移动节点: 1
1000	1	0	0	0	0	1	0	0	0	0	1	0	-0.5	0	0	1
1000	1	0	0	0	0	1	0	0	0	0	1	0	0	0	0	1

配合:		0


13	2
M22螺母-81
安装斜撑杆D9
没有标记
sound\通航孔装置拼组13.mp3

斜撑杆D9与D8节点钣和D10滚轮件相连，支撑滚轮。

起始状态: 隐藏		终止状态: 显示		移动节点: 1
1000	1	0	0	0	0	1	0	0	0	0	1	0	0	0	0.5	1
1000	1	0	0	0	0	1	0	0	0	0	1	0	0	0	0	1

配合:		0


13	2
M22x60-55
安装斜撑杆D9
没有标记
sound\通航孔装置拼组13.mp3

斜撑杆D9与D8节点钣和D10滚轮件相连，支撑滚轮。

起始状态: 隐藏		终止状态: 显示		移动节点: 1
1000	1	0	0	0	0	1	0	0	0	0	1	0	-0.5	0	0	1
1000	1	0	0	0	0	1	0	0	0	0	1	0	0	0	0	1

配合:		0


13	2
M22螺母-74
安装斜撑杆D9
没有标记
sound\通航孔装置拼组13.mp3

斜撑杆D9与D8节点钣和D10滚轮件相连，支撑滚轮。

起始状态: 隐藏		终止状态: 显示		移动节点: 1
1000	1	0	0	0	0	1	0	0	0	0	1	0	0	0	0.5	1
1000	1	0	0	0	0	1	0	0	0	0	1	0	0	0	0	1

配合:		0


13	2
M22x60-46
安装斜撑杆D9
没有标记
sound\通航孔装置拼组13.mp3

斜撑杆D9与D8节点钣和D10滚轮件相连，支撑滚轮。

起始状态: 隐藏		终止状态: 显示		移动节点: 1
1000	1	0	0	0	0	1	0	0	0	0	1	0	-0.5	0	0	1
1000	1	0	0	0	0	1	0	0	0	0	1	0	0	0	0	1

配合:		0


13	2
垫圈M22-66
安装斜撑杆D9
没有标记
sound\通航孔装置拼组13.mp3

斜撑杆D9与D8节点钣和D10滚轮件相连，支撑滚轮。

起始状态: 隐藏		终止状态: 显示		移动节点: 1
1000	1	0	0	0	0	1	0	0	0	0	1	0	-0.5	0	0	1
1000	1	0	0	0	0	1	0	0	0	0	1	0	0	0	0	1

配合:		0


