1	1
托架桁-1
安放托架桁
没有标记
sound\辅助墩托架预拼1.mp3

在预拼场地上，人工将托架桁竖立好，并调整好间距。

起始状态: 隐藏		终止状态: 显示		移动节点: 1
1500	1	0	0	0	0	1	0	0	0	0	1	0	0	1	0	1
1000	1	0	0	0	0	1	0	0	0	0	1	0	0	0	0	1

配合:		0


2	1
托架横联-1
托架横联连接
没有标记
sound\辅助墩托架预拼2.mp3

人工抬动托架横联，并与托架桁进行连接。横联通过M22×60的螺栓与托架桁立柱角钢连接。注意连接螺栓先连上，不紧固，为下一步梁部连接提供方便。

起始状态: 隐藏		终止状态: 显示		移动节点: 1
1500	1	0	0	0	0	1	0	0	0	0	1	0	-1	0	0	1
1000	1	0	0	0	0	1	0	0	0	0	1	0	0	0	0	1

配合:		1
没有标记
托架横联-1	2	1
托架桁-1	6	0


2	1
托架横联-3
托架横联连接
没有标记
sound\辅助墩托架预拼2.mp3

人工抬动托架横联，并与托架桁进行连接。横联通过M22×60的螺栓与托架桁立柱角钢连接。注意连接螺栓先连上，不紧固，为下一步梁部连接提供方便。

起始状态: 隐藏		终止状态: 显示		移动节点: 1
1500	1	0	0	0	0	1	0	0	0	0	1	0	1	0	0	1
1000	1	0	0	0	0	1	0	0	0	0	1	0	0	0	0	1

配合:		0


2	2
M22x60-3
托架横联连接
没有标记
sound\辅助墩托架预拼2.mp3

人工抬动托架横联，并与托架桁进行连接。横联通过M22×60的螺栓与托架桁立柱角钢连接。注意连接螺栓先连上，不紧固，为下一步梁部连接提供方便。

起始状态: 隐藏		终止状态: 显示		移动节点: 1
1000	1	0	0	0	0	1	0	0	0	0	1	0	-0.3	0	0	1
1000	1	0	0	0	0	1	0	0	0	0	1	0	0	0	0	1

配合:		0


2	2
M22x60-14
托架横联连接
没有标记
sound\辅助墩托架预拼2.mp3

人工抬动托架横联，并与托架桁进行连接。横联通过M22×60的螺栓与托架桁立柱角钢连接。注意连接螺栓先连上，不紧固，为下一步梁部连接提供方便。

起始状态: 隐藏		终止状态: 显示		移动节点: 1
1000	1	0	0	0	0	1	0	0	0	0	1	0	-0.3	0	0	1
1000	1	0	0	0	0	1	0	0	0	0	1	0	0	0	0	1

配合:		0


2	2
M22x60-13
托架横联连接
没有标记
sound\辅助墩托架预拼2.mp3

人工抬动托架横联，并与托架桁进行连接。横联通过M22×60的螺栓与托架桁立柱角钢连接。注意连接螺栓先连上，不紧固，为下一步梁部连接提供方便。

起始状态: 隐藏		终止状态: 显示		移动节点: 1
1000	1	0	0	0	0	1	0	0	0	0	1	0	-0.3	0	0	1
1000	1	0	0	0	0	1	0	0	0	0	1	0	0	0	0	1

配合:		0


2	2
M22螺母-144
托架横联连接
没有标记
sound\辅助墩托架预拼2.mp3

人工抬动托架横联，并与托架桁进行连接。横联通过M22×60的螺栓与托架桁立柱角钢连接。注意连接螺栓先连上，不紧固，为下一步梁部连接提供方便。

起始状态: 隐藏		终止状态: 显示		移动节点: 1
1000	1	0	0	0	0	1	0	0	0	0	1	0	0	0	0.3	1
1000	1	0	0	0	0	1	0	0	0	0	1	0	0	0	0	1

配合:		0


2	2
M22x60-16
托架横联连接
没有标记
sound\辅助墩托架预拼2.mp3

人工抬动托架横联，并与托架桁进行连接。横联通过M22×60的螺栓与托架桁立柱角钢连接。注意连接螺栓先连上，不紧固，为下一步梁部连接提供方便。

起始状态: 隐藏		终止状态: 显示		移动节点: 1
1000	1	0	0	0	0	1	0	0	0	0	1	0	-0.3	0	0	1
1000	1	0	0	0	0	1	0	0	0	0	1	0	0	0	0	1

配合:		0


2	2
M22螺母-149
托架横联连接
没有标记
sound\辅助墩托架预拼2.mp3

人工抬动托架横联，并与托架桁进行连接。横联通过M22×60的螺栓与托架桁立柱角钢连接。注意连接螺栓先连上，不紧固，为下一步梁部连接提供方便。

起始状态: 隐藏		终止状态: 显示		移动节点: 1
1000	1	0	0	0	0	1	0	0	0	0	1	0	0	0	0.3	1
1000	1	0	0	0	0	1	0	0	0	0	1	0	0	0	0	1

配合:		0


2	2
M22螺母-145
托架横联连接
没有标记
sound\辅助墩托架预拼2.mp3

人工抬动托架横联，并与托架桁进行连接。横联通过M22×60的螺栓与托架桁立柱角钢连接。注意连接螺栓先连上，不紧固，为下一步梁部连接提供方便。

起始状态: 隐藏		终止状态: 显示		移动节点: 1
1000	1	0	0	0	0	1	0	0	0	0	1	0	0	0	0.3	1
1000	1	0	0	0	0	1	0	0	0	0	1	0	0	0	0	1

配合:		0


2	2
M22螺母-147
托架横联连接
没有标记
sound\辅助墩托架预拼2.mp3

人工抬动托架横联，并与托架桁进行连接。横联通过M22×60的螺栓与托架桁立柱角钢连接。注意连接螺栓先连上，不紧固，为下一步梁部连接提供方便。

起始状态: 隐藏		终止状态: 显示		移动节点: 1
1000	1	0	0	0	0	1	0	0	0	0	1	0	0	0	0.3	1
1000	1	0	0	0	0	1	0	0	0	0	1	0	0	0	0	1

配合:		0


2	2
垫圈M22-89
托架横联连接
没有标记
sound\辅助墩托架预拼2.mp3

人工抬动托架横联，并与托架桁进行连接。横联通过M22×60的螺栓与托架桁立柱角钢连接。注意连接螺栓先连上，不紧固，为下一步梁部连接提供方便。

起始状态: 隐藏		终止状态: 显示		移动节点: 1
1000	1	0	0	0	0	1	0	0	0	0	1	0	-0.3	0	0	1
1000	1	0	0	0	0	1	0	0	0	0	1	0	0	0	0	1

配合:		0


2	2
垫圈M22-88
托架横联连接
没有标记
sound\辅助墩托架预拼2.mp3

人工抬动托架横联，并与托架桁进行连接。横联通过M22×60的螺栓与托架桁立柱角钢连接。注意连接螺栓先连上，不紧固，为下一步梁部连接提供方便。

起始状态: 隐藏		终止状态: 显示		移动节点: 1
1000	1	0	0	0	0	1	0	0	0	0	1	0	-0.3	0	0	1
1000	1	0	0	0	0	1	0	0	0	0	1	0	0	0	0	1

配合:		0


2	2
垫圈M22-87
托架横联连接
没有标记
sound\辅助墩托架预拼2.mp3

人工抬动托架横联，并与托架桁进行连接。横联通过M22×60的螺栓与托架桁立柱角钢连接。注意连接螺栓先连上，不紧固，为下一步梁部连接提供方便。

起始状态: 隐藏		终止状态: 显示		移动节点: 1
1000	1	0	0	0	0	1	0	0	0	0	1	0	-0.3	0	0	1
1000	1	0	0	0	0	1	0	0	0	0	1	0	0	0	0	1

配合:		0


2	2
M22x60-1
托架横联连接
没有标记
sound\辅助墩托架预拼2.mp3

人工抬动托架横联，并与托架桁进行连接。横联通过M22×60的螺栓与托架桁立柱角钢连接。注意连接螺栓先连上，不紧固，为下一步梁部连接提供方便。

起始状态: 隐藏		终止状态: 显示		移动节点: 1
1000	1	0	0	0	0	1	0	0	0	0	1	0	-0.3	0	0	1
1000	1	0	0	0	0	1	0	0	0	0	1	0	0	0	0	1

配合:		0


2	2
M22螺母-132
托架横联连接
没有标记
sound\辅助墩托架预拼2.mp3

人工抬动托架横联，并与托架桁进行连接。横联通过M22×60的螺栓与托架桁立柱角钢连接。注意连接螺栓先连上，不紧固，为下一步梁部连接提供方便。

起始状态: 隐藏		终止状态: 显示		移动节点: 1
1000	1	0	0	0	0	1	0	0	0	0	1	0	0	0	0.3	1
1000	1	0	0	0	0	1	0	0	0	0	1	0	0	0	0	1

配合:		0


2	2
M22螺母-133
托架横联连接
没有标记
sound\辅助墩托架预拼2.mp3

人工抬动托架横联，并与托架桁进行连接。横联通过M22×60的螺栓与托架桁立柱角钢连接。注意连接螺栓先连上，不紧固，为下一步梁部连接提供方便。

起始状态: 隐藏		终止状态: 显示		移动节点: 1
1000	1	0	0	0	0	1	0	0	0	0	1	0	0	0	0.3	1
1000	1	0	0	0	0	1	0	0	0	0	1	0	0	0	0	1

配合:		0


2	2
M22螺母-134
托架横联连接
没有标记
sound\辅助墩托架预拼2.mp3

人工抬动托架横联，并与托架桁进行连接。横联通过M22×60的螺栓与托架桁立柱角钢连接。注意连接螺栓先连上，不紧固，为下一步梁部连接提供方便。

起始状态: 隐藏		终止状态: 显示		移动节点: 1
1000	1	0	0	0	0	1	0	0	0	0	1	0	0	0	0.3	1
1000	1	0	0	0	0	1	0	0	0	0	1	0	0	0	0	1

配合:		0


2	2
垫圈M22-74
托架横联连接
没有标记
sound\辅助墩托架预拼2.mp3

人工抬动托架横联，并与托架桁进行连接。横联通过M22×60的螺栓与托架桁立柱角钢连接。注意连接螺栓先连上，不紧固，为下一步梁部连接提供方便。

起始状态: 隐藏		终止状态: 显示		移动节点: 1
1000	1	0	0	0	0	1	0	0	0	0	1	0	-0.3	0	0	1
1000	1	0	0	0	0	1	0	0	0	0	1	0	0	0	0	1

配合:		0


2	2
M22螺母-146
托架横联连接
没有标记
sound\辅助墩托架预拼2.mp3

人工抬动托架横联，并与托架桁进行连接。横联通过M22×60的螺栓与托架桁立柱角钢连接。注意连接螺栓先连上，不紧固，为下一步梁部连接提供方便。

起始状态: 隐藏		终止状态: 显示		移动节点: 1
1000	1	0	0	0	0	1	0	0	0	0	1	0	0	0	0.3	1
1000	1	0	0	0	0	1	0	0	0	0	1	0	0	0	0	1

配合:		0


2	2
M22x60-4
托架横联连接
没有标记
sound\辅助墩托架预拼2.mp3

人工抬动托架横联，并与托架桁进行连接。横联通过M22×60的螺栓与托架桁立柱角钢连接。注意连接螺栓先连上，不紧固，为下一步梁部连接提供方便。

起始状态: 隐藏		终止状态: 显示		移动节点: 1
1000	1	0	0	0	0	1	0	0	0	0	1	0	-0.3	0	0	1
1000	1	0	0	0	0	1	0	0	0	0	1	0	0	0	0	1

配合:		0


2	2
M22螺母-148
托架横联连接
没有标记
sound\辅助墩托架预拼2.mp3

人工抬动托架横联，并与托架桁进行连接。横联通过M22×60的螺栓与托架桁立柱角钢连接。注意连接螺栓先连上，不紧固，为下一步梁部连接提供方便。

起始状态: 隐藏		终止状态: 显示		移动节点: 1
1000	1	0	0	0	0	1	0	0	0	0	1	0	0	0	0.3	1
1000	1	0	0	0	0	1	0	0	0	0	1	0	0	0	0	1

配合:		0


2	2
M22x60-15
托架横联连接
没有标记
sound\辅助墩托架预拼2.mp3

人工抬动托架横联，并与托架桁进行连接。横联通过M22×60的螺栓与托架桁立柱角钢连接。注意连接螺栓先连上，不紧固，为下一步梁部连接提供方便。

起始状态: 隐藏		终止状态: 显示		移动节点: 1
1000	1	0	0	0	0	1	0	0	0	0	1	0	-0.3	0	0	1
1000	1	0	0	0	0	1	0	0	0	0	1	0	0	0	0	1

配合:		0


2	2
M22x60-17
托架横联连接
没有标记
sound\辅助墩托架预拼2.mp3

人工抬动托架横联，并与托架桁进行连接。横联通过M22×60的螺栓与托架桁立柱角钢连接。注意连接螺栓先连上，不紧固，为下一步梁部连接提供方便。

起始状态: 隐藏		终止状态: 显示		移动节点: 1
1000	1	0	0	0	0	1	0	0	0	0	1	0	-0.3	0	0	1
1000	1	0	0	0	0	1	0	0	0	0	1	0	0	0	0	1

配合:		0


2	2
垫圈M22-78
托架横联连接
没有标记
sound\辅助墩托架预拼2.mp3

人工抬动托架横联，并与托架桁进行连接。横联通过M22×60的螺栓与托架桁立柱角钢连接。注意连接螺栓先连上，不紧固，为下一步梁部连接提供方便。

起始状态: 隐藏		终止状态: 显示		移动节点: 1
1000	1	0	0	0	0	1	0	0	0	0	1	0	-0.3	0	0	1
1000	1	0	0	0	0	1	0	0	0	0	1	0	0	0	0	1

配合:		0


2	2
垫圈M22-90
托架横联连接
没有标记
sound\辅助墩托架预拼2.mp3

人工抬动托架横联，并与托架桁进行连接。横联通过M22×60的螺栓与托架桁立柱角钢连接。注意连接螺栓先连上，不紧固，为下一步梁部连接提供方便。

起始状态: 隐藏		终止状态: 显示		移动节点: 1
1000	1	0	0	0	0	1	0	0	0	0	1	0	-0.3	0	0	1
1000	1	0	0	0	0	1	0	0	0	0	1	0	0	0	0	1

配合:		0


2	2
M22螺母-136
托架横联连接
没有标记
sound\辅助墩托架预拼2.mp3

人工抬动托架横联，并与托架桁进行连接。横联通过M22×60的螺栓与托架桁立柱角钢连接。注意连接螺栓先连上，不紧固，为下一步梁部连接提供方便。

起始状态: 隐藏		终止状态: 显示		移动节点: 1
1000	1	0	0	0	0	1	0	0	0	0	1	0	0	0	0.3	1
1000	1	0	0	0	0	1	0	0	0	0	1	0	0	0	0	1

配合:		0


2	2
垫圈M22-75
托架横联连接
没有标记
sound\辅助墩托架预拼2.mp3

人工抬动托架横联，并与托架桁进行连接。横联通过M22×60的螺栓与托架桁立柱角钢连接。注意连接螺栓先连上，不紧固，为下一步梁部连接提供方便。

起始状态: 隐藏		终止状态: 显示		移动节点: 1
1000	1	0	0	0	0	1	0	0	0	0	1	0	-0.3	0	0	1
1000	1	0	0	0	0	1	0	0	0	0	1	0	0	0	0	1

配合:		0


2	2
垫圈M22-86
托架横联连接
没有标记
sound\辅助墩托架预拼2.mp3

人工抬动托架横联，并与托架桁进行连接。横联通过M22×60的螺栓与托架桁立柱角钢连接。注意连接螺栓先连上，不紧固，为下一步梁部连接提供方便。

起始状态: 隐藏		终止状态: 显示		移动节点: 1
1000	1	0	0	0	0	1	0	0	0	0	1	0	-0.3	0	0	1
1000	1	0	0	0	0	1	0	0	0	0	1	0	0	0	0	1

配合:		0


2	2
垫圈M22-79
托架横联连接
没有标记
sound\辅助墩托架预拼2.mp3

人工抬动托架横联，并与托架桁进行连接。横联通过M22×60的螺栓与托架桁立柱角钢连接。注意连接螺栓先连上，不紧固，为下一步梁部连接提供方便。

起始状态: 隐藏		终止状态: 显示		移动节点: 1
1000	1	0	0	0	0	1	0	0	0	0	1	0	-0.3	0	0	1
1000	1	0	0	0	0	1	0	0	0	0	1	0	0	0	0	1

配合:		0


2	2
垫圈M22-76
托架横联连接
没有标记
sound\辅助墩托架预拼2.mp3

人工抬动托架横联，并与托架桁进行连接。横联通过M22×60的螺栓与托架桁立柱角钢连接。注意连接螺栓先连上，不紧固，为下一步梁部连接提供方便。

起始状态: 隐藏		终止状态: 显示		移动节点: 1
1000	1	0	0	0	0	1	0	0	0	0	1	0	-0.3	0	0	1
1000	1	0	0	0	0	1	0	0	0	0	1	0	0	0	0	1

配合:		0


2	2
M22x60-6
托架横联连接
没有标记
sound\辅助墩托架预拼2.mp3

人工抬动托架横联，并与托架桁进行连接。横联通过M22×60的螺栓与托架桁立柱角钢连接。注意连接螺栓先连上，不紧固，为下一步梁部连接提供方便。

起始状态: 隐藏		终止状态: 显示		移动节点: 1
1000	1	0	0	0	0	1	0	0	0	0	1	0	-0.3	0	0	1
1000	1	0	0	0	0	1	0	0	0	0	1	0	0	0	0	1

配合:		0


2	2
M22x60-2
托架横联连接
没有标记
sound\辅助墩托架预拼2.mp3

人工抬动托架横联，并与托架桁进行连接。横联通过M22×60的螺栓与托架桁立柱角钢连接。注意连接螺栓先连上，不紧固，为下一步梁部连接提供方便。

起始状态: 隐藏		终止状态: 显示		移动节点: 1
1000	1	0	0	0	0	1	0	0	0	0	1	0	-0.3	0	0	1
1000	1	0	0	0	0	1	0	0	0	0	1	0	0	0	0	1

配合:		0


2	2
M22螺母-137
托架横联连接
没有标记
sound\辅助墩托架预拼2.mp3

人工抬动托架横联，并与托架桁进行连接。横联通过M22×60的螺栓与托架桁立柱角钢连接。注意连接螺栓先连上，不紧固，为下一步梁部连接提供方便。

起始状态: 隐藏		终止状态: 显示		移动节点: 1
1000	1	0	0	0	0	1	0	0	0	0	1	0	0	0	0.3	1
1000	1	0	0	0	0	1	0	0	0	0	1	0	0	0	0	1

配合:		0


2	2
M22螺母-135
托架横联连接
没有标记
sound\辅助墩托架预拼2.mp3

人工抬动托架横联，并与托架桁进行连接。横联通过M22×60的螺栓与托架桁立柱角钢连接。注意连接螺栓先连上，不紧固，为下一步梁部连接提供方便。

起始状态: 隐藏		终止状态: 显示		移动节点: 1
1000	1	0	0	0	0	1	0	0	0	0	1	0	0	0	0.3	1
1000	1	0	0	0	0	1	0	0	0	0	1	0	0	0	0	1

配合:		0


2	2
M22x60-5
托架横联连接
没有标记
sound\辅助墩托架预拼2.mp3

人工抬动托架横联，并与托架桁进行连接。横联通过M22×60的螺栓与托架桁立柱角钢连接。注意连接螺栓先连上，不紧固，为下一步梁部连接提供方便。

起始状态: 隐藏		终止状态: 显示		移动节点: 1
1000	1	0	0	0	0	1	0	0	0	0	1	0	-0.3	0	0	1
1000	1	0	0	0	0	1	0	0	0	0	1	0	0	0	0	1

配合:		0


2	2
垫圈M22-77
托架横联连接
没有标记
sound\辅助墩托架预拼2.mp3

人工抬动托架横联，并与托架桁进行连接。横联通过M22×60的螺栓与托架桁立柱角钢连接。注意连接螺栓先连上，不紧固，为下一步梁部连接提供方便。

起始状态: 隐藏		终止状态: 显示		移动节点: 1
1000	1	0	0	0	0	1	0	0	0	0	1	0	-0.3	0	0	1
1000	1	0	0	0	0	1	0	0	0	0	1	0	0	0	0	1

配合:		0


2	2
M22x60-18
托架横联连接
没有标记
sound\辅助墩托架预拼2.mp3

人工抬动托架横联，并与托架桁进行连接。横联通过M22×60的螺栓与托架桁立柱角钢连接。注意连接螺栓先连上，不紧固，为下一步梁部连接提供方便。

起始状态: 隐藏		终止状态: 显示		移动节点: 1
1000	1	0	0	0	0	1	0	0	0	0	1	0	-0.3	0	0	1
1000	1	0	0	0	0	1	0	0	0	0	1	0	0	0	0	1

配合:		0


2	2
垫圈M22-91
托架横联连接
没有标记
sound\辅助墩托架预拼2.mp3

人工抬动托架横联，并与托架桁进行连接。横联通过M22×60的螺栓与托架桁立柱角钢连接。注意连接螺栓先连上，不紧固，为下一步梁部连接提供方便。

起始状态: 隐藏		终止状态: 显示		移动节点: 1
1000	1	0	0	0	0	1	0	0	0	0	1	0	-0.3	0	0	1
1000	1	0	0	0	0	1	0	0	0	0	1	0	0	0	0	1

配合:		0


3	1
托架桁-2
第二组托架桁
没有标记
sound\辅助墩托架预拼3.mp3

在预拼场地上，人工将第二组托架桁竖立好，与托架横联相连。横联通过M22×60的螺栓与托架桁立柱角钢连接。

起始状态: 隐藏		终止状态: 显示		移动节点: 1
1500	1	0	0	0	0	1	0	0	0	0	1	0	0	0	-1	1
1000	1	0	0	0	0	1	0	0	0	0	1	0	0	0	0	1

配合:		1
没有标记
托架桁-2	6	0
托架横联-3	2	1


3	2
垫圈M22-92
第二组托架桁
没有标记
sound\辅助墩托架预拼3.mp3

在预拼场地上，人工将第二组托架桁竖立好，与托架横联相连。横联通过M22×60的螺栓与托架桁立柱角钢连接。

起始状态: 隐藏		终止状态: 显示		移动节点: 1
1000	1	0	0	0	0	1	0	0	0	0	1	0	-0.3	0	0	1
1000	1	0	0	0	0	1	0	0	0	0	1	0	0	0	0	1

配合:		0


3	2
垫圈M22-94
第二组托架桁
没有标记
sound\辅助墩托架预拼3.mp3

在预拼场地上，人工将第二组托架桁竖立好，与托架横联相连。横联通过M22×60的螺栓与托架桁立柱角钢连接。

起始状态: 隐藏		终止状态: 显示		移动节点: 1
1000	1	0	0	0	0	1	0	0	0	0	1	0	-0.3	0	0	1
1000	1	0	0	0	0	1	0	0	0	0	1	0	0	0	0	1

配合:		0


3	2
M22x60-79
第二组托架桁
没有标记
sound\辅助墩托架预拼3.mp3

在预拼场地上，人工将第二组托架桁竖立好，与托架横联相连。横联通过M22×60的螺栓与托架桁立柱角钢连接。

起始状态: 隐藏		终止状态: 显示		移动节点: 1
1000	1	0	0	0	0	1	0	0	0	0	1	0	-0.3	0	0	1
1000	1	0	0	0	0	1	0	0	0	0	1	0	0	0	0	1

配合:		0


3	2
垫圈M22-82
第二组托架桁
没有标记
sound\辅助墩托架预拼3.mp3

在预拼场地上，人工将第二组托架桁竖立好，与托架横联相连。横联通过M22×60的螺栓与托架桁立柱角钢连接。

起始状态: 隐藏		终止状态: 显示		移动节点: 1
1000	1	0	0	0	0	1	0	0	0	0	1	0	-0.3	0	0	1
1000	1	0	0	0	0	1	0	0	0	0	1	0	0	0	0	1

配合:		0


3	2
M22螺母-109
第二组托架桁
没有标记
sound\辅助墩托架预拼3.mp3

在预拼场地上，人工将第二组托架桁竖立好，与托架横联相连。横联通过M22×60的螺栓与托架桁立柱角钢连接。

起始状态: 隐藏		终止状态: 显示		移动节点: 1
1000	1	0	0	0	0	1	0	0	0	0	1	0	0	0	0.3	1
1000	1	0	0	0	0	1	0	0	0	0	1	0	0	0	0	1

配合:		0


3	2
M22x60-12
第二组托架桁
没有标记
sound\辅助墩托架预拼3.mp3

在预拼场地上，人工将第二组托架桁竖立好，与托架横联相连。横联通过M22×60的螺栓与托架桁立柱角钢连接。

起始状态: 隐藏		终止状态: 显示		移动节点: 1
1000	1	0	0	0	0	1	0	0	0	0	1	0	-0.3	0	0	1
1000	1	0	0	0	0	1	0	0	0	0	1	0	0	0	0	1

配合:		0


3	2
M22螺母-117
第二组托架桁
没有标记
sound\辅助墩托架预拼3.mp3

在预拼场地上，人工将第二组托架桁竖立好，与托架横联相连。横联通过M22×60的螺栓与托架桁立柱角钢连接。

起始状态: 隐藏		终止状态: 显示		移动节点: 1
1000	1	0	0	0	0	1	0	0	0	0	1	0	0	0	0.3	1
1000	1	0	0	0	0	1	0	0	0	0	1	0	0	0	0	1

配合:		0


3	2
M22x60-78
第二组托架桁
没有标记
sound\辅助墩托架预拼3.mp3

在预拼场地上，人工将第二组托架桁竖立好，与托架横联相连。横联通过M22×60的螺栓与托架桁立柱角钢连接。

起始状态: 隐藏		终止状态: 显示		移动节点: 1
1000	1	0	0	0	0	1	0	0	0	0	1	0	-0.3	0	0	1
1000	1	0	0	0	0	1	0	0	0	0	1	0	0	0	0	1

配合:		0


3	2
M22螺母-151
第二组托架桁
没有标记
sound\辅助墩托架预拼3.mp3

在预拼场地上，人工将第二组托架桁竖立好，与托架横联相连。横联通过M22×60的螺栓与托架桁立柱角钢连接。

起始状态: 隐藏		终止状态: 显示		移动节点: 1
1000	1	0	0	0	0	1	0	0	0	0	1	0	0	0	0.3	1
1000	1	0	0	0	0	1	0	0	0	0	1	0	0	0	0	1

配合:		0


3	2
M22x60-77
第二组托架桁
没有标记
sound\辅助墩托架预拼3.mp3

在预拼场地上，人工将第二组托架桁竖立好，与托架横联相连。横联通过M22×60的螺栓与托架桁立柱角钢连接。

起始状态: 隐藏		终止状态: 显示		移动节点: 1
1000	1	0	0	0	0	1	0	0	0	0	1	0	-0.3	0	0	1
1000	1	0	0	0	0	1	0	0	0	0	1	0	0	0	0	1

配合:		0


3	2
M22x60-20
第二组托架桁
没有标记
sound\辅助墩托架预拼3.mp3

在预拼场地上，人工将第二组托架桁竖立好，与托架横联相连。横联通过M22×60的螺栓与托架桁立柱角钢连接。

起始状态: 隐藏		终止状态: 显示		移动节点: 1
1000	1	0	0	0	0	1	0	0	0	0	1	0	-0.3	0	0	1
1000	1	0	0	0	0	1	0	0	0	0	1	0	0	0	0	1

配合:		0


3	2
垫圈M22-1
第二组托架桁
没有标记
sound\辅助墩托架预拼3.mp3

在预拼场地上，人工将第二组托架桁竖立好，与托架横联相连。横联通过M22×60的螺栓与托架桁立柱角钢连接。

起始状态: 隐藏		终止状态: 显示		移动节点: 1
1000	1	0	0	0	0	1	0	0	0	0	1	0	-0.3	0	0	1
1000	1	0	0	0	0	1	0	0	0	0	1	0	0	0	0	1

配合:		0


3	2
垫圈M22-2
第二组托架桁
没有标记
sound\辅助墩托架预拼3.mp3

在预拼场地上，人工将第二组托架桁竖立好，与托架横联相连。横联通过M22×60的螺栓与托架桁立柱角钢连接。

起始状态: 隐藏		终止状态: 显示		移动节点: 1
1000	1	0	0	0	0	1	0	0	0	0	1	0	-0.3	0	0	1
1000	1	0	0	0	0	1	0	0	0	0	1	0	0	0	0	1

配合:		0


3	2
M22螺母-138
第二组托架桁
没有标记
sound\辅助墩托架预拼3.mp3

在预拼场地上，人工将第二组托架桁竖立好，与托架横联相连。横联通过M22×60的螺栓与托架桁立柱角钢连接。

起始状态: 隐藏		终止状态: 显示		移动节点: 1
1000	1	0	0	0	0	1	0	0	0	0	1	0	0	0	0.3	1
1000	1	0	0	0	0	1	0	0	0	0	1	0	0	0	0	1

配合:		0


3	2
M22x60-7
第二组托架桁
没有标记
sound\辅助墩托架预拼3.mp3

在预拼场地上，人工将第二组托架桁竖立好，与托架横联相连。横联通过M22×60的螺栓与托架桁立柱角钢连接。

起始状态: 隐藏		终止状态: 显示		移动节点: 1
1000	1	0	0	0	0	1	0	0	0	0	1	0	-0.3	0	0	1
1000	1	0	0	0	0	1	0	0	0	0	1	0	0	0	0	1

配合:		0


3	2
M22x60-10
第二组托架桁
没有标记
sound\辅助墩托架预拼3.mp3

在预拼场地上，人工将第二组托架桁竖立好，与托架横联相连。横联通过M22×60的螺栓与托架桁立柱角钢连接。

起始状态: 隐藏		终止状态: 显示		移动节点: 1
1000	1	0	0	0	0	1	0	0	0	0	1	0	-0.3	0	0	1
1000	1	0	0	0	0	1	0	0	0	0	1	0	0	0	0	1

配合:		0


3	2
M22螺母-108
第二组托架桁
没有标记
sound\辅助墩托架预拼3.mp3

在预拼场地上，人工将第二组托架桁竖立好，与托架横联相连。横联通过M22×60的螺栓与托架桁立柱角钢连接。

起始状态: 隐藏		终止状态: 显示		移动节点: 1
1000	1	0	0	0	0	1	0	0	0	0	1	0	0	0	0.3	1
1000	1	0	0	0	0	1	0	0	0	0	1	0	0	0	0	1

配合:		0


3	2
垫圈M22-83
第二组托架桁
没有标记
sound\辅助墩托架预拼3.mp3

在预拼场地上，人工将第二组托架桁竖立好，与托架横联相连。横联通过M22×60的螺栓与托架桁立柱角钢连接。

起始状态: 隐藏		终止状态: 显示		移动节点: 1
1000	1	0	0	0	0	1	0	0	0	0	1	0	-0.3	0	0	1
1000	1	0	0	0	0	1	0	0	0	0	1	0	0	0	0	1

配合:		0


3	2
M22螺母-141
第二组托架桁
没有标记
sound\辅助墩托架预拼3.mp3

在预拼场地上，人工将第二组托架桁竖立好，与托架横联相连。横联通过M22×60的螺栓与托架桁立柱角钢连接。

起始状态: 隐藏		终止状态: 显示		移动节点: 1
1000	1	0	0	0	0	1	0	0	0	0	1	0	0	0	0.3	1
1000	1	0	0	0	0	1	0	0	0	0	1	0	0	0	0	1

配合:		0


3	2
M22螺母-140
第二组托架桁
没有标记
sound\辅助墩托架预拼3.mp3

在预拼场地上，人工将第二组托架桁竖立好，与托架横联相连。横联通过M22×60的螺栓与托架桁立柱角钢连接。

起始状态: 隐藏		终止状态: 显示		移动节点: 1
1000	1	0	0	0	0	1	0	0	0	0	1	0	0	0	0.3	1
1000	1	0	0	0	0	1	0	0	0	0	1	0	0	0	0	1

配合:		0


3	2
垫圈M22-84
第二组托架桁
没有标记
sound\辅助墩托架预拼3.mp3

在预拼场地上，人工将第二组托架桁竖立好，与托架横联相连。横联通过M22×60的螺栓与托架桁立柱角钢连接。

起始状态: 隐藏		终止状态: 显示		移动节点: 1
1000	1	0	0	0	0	1	0	0	0	0	1	0	-0.3	0	0	1
1000	1	0	0	0	0	1	0	0	0	0	1	0	0	0	0	1

配合:		0


3	2
M22x60-11
第二组托架桁
没有标记
sound\辅助墩托架预拼3.mp3

在预拼场地上，人工将第二组托架桁竖立好，与托架横联相连。横联通过M22×60的螺栓与托架桁立柱角钢连接。

起始状态: 隐藏		终止状态: 显示		移动节点: 1
1000	1	0	0	0	0	1	0	0	0	0	1	0	-0.3	0	0	1
1000	1	0	0	0	0	1	0	0	0	0	1	0	0	0	0	1

配合:		0


3	2
垫圈M22-93
第二组托架桁
没有标记
sound\辅助墩托架预拼3.mp3

在预拼场地上，人工将第二组托架桁竖立好，与托架横联相连。横联通过M22×60的螺栓与托架桁立柱角钢连接。

起始状态: 隐藏		终止状态: 显示		移动节点: 1
1000	1	0	0	0	0	1	0	0	0	0	1	0	-0.3	0	0	1
1000	1	0	0	0	0	1	0	0	0	0	1	0	0	0	0	1

配合:		0


3	2
垫圈M22-3
第二组托架桁
没有标记
sound\辅助墩托架预拼3.mp3

在预拼场地上，人工将第二组托架桁竖立好，与托架横联相连。横联通过M22×60的螺栓与托架桁立柱角钢连接。

起始状态: 隐藏		终止状态: 显示		移动节点: 1
1000	1	0	0	0	0	1	0	0	0	0	1	0	-0.3	0	0	1
1000	1	0	0	0	0	1	0	0	0	0	1	0	0	0	0	1

配合:		0


3	2
垫圈M22-85
第二组托架桁
没有标记
sound\辅助墩托架预拼3.mp3

在预拼场地上，人工将第二组托架桁竖立好，与托架横联相连。横联通过M22×60的螺栓与托架桁立柱角钢连接。

起始状态: 隐藏		终止状态: 显示		移动节点: 1
1000	1	0	0	0	0	1	0	0	0	0	1	0	-0.3	0	0	1
1000	1	0	0	0	0	1	0	0	0	0	1	0	0	0	0	1

配合:		0


3	2
M22x60-9
第二组托架桁
没有标记
sound\辅助墩托架预拼3.mp3

在预拼场地上，人工将第二组托架桁竖立好，与托架横联相连。横联通过M22×60的螺栓与托架桁立柱角钢连接。

起始状态: 隐藏		终止状态: 显示		移动节点: 1
1000	1	0	0	0	0	1	0	0	0	0	1	0	-0.3	0	0	1
1000	1	0	0	0	0	1	0	0	0	0	1	0	0	0	0	1

配合:		0


3	2
垫圈M22-81
第二组托架桁
没有标记
sound\辅助墩托架预拼3.mp3

在预拼场地上，人工将第二组托架桁竖立好，与托架横联相连。横联通过M22×60的螺栓与托架桁立柱角钢连接。

起始状态: 隐藏		终止状态: 显示		移动节点: 1
1000	1	0	0	0	0	1	0	0	0	0	1	0	-0.3	0	0	1
1000	1	0	0	0	0	1	0	0	0	0	1	0	0	0	0	1

配合:		0


3	2
M22螺母-142
第二组托架桁
没有标记
sound\辅助墩托架预拼3.mp3

在预拼场地上，人工将第二组托架桁竖立好，与托架横联相连。横联通过M22×60的螺栓与托架桁立柱角钢连接。

起始状态: 隐藏		终止状态: 显示		移动节点: 1
1000	1	0	0	0	0	1	0	0	0	0	1	0	0	0	0.3	1
1000	1	0	0	0	0	1	0	0	0	0	1	0	0	0	0	1

配合:		0


3	2
M22螺母-143
第二组托架桁
没有标记
sound\辅助墩托架预拼3.mp3

在预拼场地上，人工将第二组托架桁竖立好，与托架横联相连。横联通过M22×60的螺栓与托架桁立柱角钢连接。

起始状态: 隐藏		终止状态: 显示		移动节点: 1
1000	1	0	0	0	0	1	0	0	0	0	1	0	0	0	0.3	1
1000	1	0	0	0	0	1	0	0	0	0	1	0	0	0	0	1

配合:		0


3	2
M22螺母-139
第二组托架桁
没有标记
sound\辅助墩托架预拼3.mp3

在预拼场地上，人工将第二组托架桁竖立好，与托架横联相连。横联通过M22×60的螺栓与托架桁立柱角钢连接。

起始状态: 隐藏		终止状态: 显示		移动节点: 1
1000	1	0	0	0	0	1	0	0	0	0	1	0	0	0	0.3	1
1000	1	0	0	0	0	1	0	0	0	0	1	0	0	0	0	1

配合:		0


3	2
M22螺母-150
第二组托架桁
没有标记
sound\辅助墩托架预拼3.mp3

在预拼场地上，人工将第二组托架桁竖立好，与托架横联相连。横联通过M22×60的螺栓与托架桁立柱角钢连接。

起始状态: 隐藏		终止状态: 显示		移动节点: 1
1000	1	0	0	0	0	1	0	0	0	0	1	0	0	0	0.3	1
1000	1	0	0	0	0	1	0	0	0	0	1	0	0	0	0	1

配合:		0


3	2
M22螺母-152
第二组托架桁
没有标记
sound\辅助墩托架预拼3.mp3

在预拼场地上，人工将第二组托架桁竖立好，与托架横联相连。横联通过M22×60的螺栓与托架桁立柱角钢连接。

起始状态: 隐藏		终止状态: 显示		移动节点: 1
1000	1	0	0	0	0	1	0	0	0	0	1	0	0	0	0.3	1
1000	1	0	0	0	0	1	0	0	0	0	1	0	0	0	0	1

配合:		0


3	2
M22x60-8
第二组托架桁
没有标记
sound\辅助墩托架预拼3.mp3

在预拼场地上，人工将第二组托架桁竖立好，与托架横联相连。横联通过M22×60的螺栓与托架桁立柱角钢连接。

起始状态: 隐藏		终止状态: 显示		移动节点: 1
1000	1	0	0	0	0	1	0	0	0	0	1	0	-0.3	0	0	1
1000	1	0	0	0	0	1	0	0	0	0	1	0	0	0	0	1

配合:		0


3	2
M22x60-19
第二组托架桁
没有标记
sound\辅助墩托架预拼3.mp3

在预拼场地上，人工将第二组托架桁竖立好，与托架横联相连。横联通过M22×60的螺栓与托架桁立柱角钢连接。

起始状态: 隐藏		终止状态: 显示		移动节点: 1
1000	1	0	0	0	0	1	0	0	0	0	1	0	-0.3	0	0	1
1000	1	0	0	0	0	1	0	0	0	0	1	0	0	0	0	1

配合:		0


3	2
M22x60-80
第二组托架桁
没有标记
sound\辅助墩托架预拼3.mp3

在预拼场地上，人工将第二组托架桁竖立好，与托架横联相连。横联通过M22×60的螺栓与托架桁立柱角钢连接。

起始状态: 隐藏		终止状态: 显示		移动节点: 1
1000	1	0	0	0	0	1	0	0	0	0	1	0	-0.3	0	0	1
1000	1	0	0	0	0	1	0	0	0	0	1	0	0	0	0	1

配合:		0


3	2
垫圈M22-80
第二组托架桁
没有标记
sound\辅助墩托架预拼3.mp3

在预拼场地上，人工将第二组托架桁竖立好，与托架横联相连。横联通过M22×60的螺栓与托架桁立柱角钢连接。

起始状态: 隐藏		终止状态: 显示		移动节点: 1
1000	1	0	0	0	0	1	0	0	0	0	1	0	-0.3	0	0	1
1000	1	0	0	0	0	1	0	0	0	0	1	0	0	0	0	1

配合:		0


4	1
托架横联-4
托架横联连接
没有标记
sound\辅助墩托架预拼4.mp3

第二组托架横联为三片，与第一组横联交叉放置。

起始状态: 隐藏		终止状态: 显示		移动节点: 1
1500	1	0	0	0	0	1	0	0	0	0	1	0	-1	0	0	1
1000	1	0	0	0	0	1	0	0	0	0	1	0	0	0	0	1

配合:		1
没有标记
托架横联-4	2	1
托架桁-2	5	2


4	1
托架横联-6
托架横联连接
没有标记
sound\辅助墩托架预拼4.mp3

第二组托架横联为三片，与第一组横联交叉放置。

起始状态: 隐藏		终止状态: 显示		移动节点: 1
1500	1	0	0	0	0	1	0	0	0	0	1	0	1	0	0	1
1000	1	0	0	0	0	1	0	0	0	0	1	0	0	0	0	1

配合:		0


4	1
托架横联-5
托架横联连接
没有标记
sound\辅助墩托架预拼4.mp3

第二组托架横联为三片，与第一组横联交叉放置。

起始状态: 隐藏		终止状态: 显示		移动节点: 1
1500	1	0	0	0	0	1	0	0	0	0	1	0	1	0	0	1
1000	1	0	0	0	0	1	0	0	0	0	1	0	0	0	0	1

配合:		0


4	2
垫圈M22-71
托架横联连接
没有标记
sound\辅助墩托架预拼4.mp3

第二组托架横联为三片，与第一组横联交叉放置。

起始状态: 隐藏		终止状态: 显示		移动节点: 1
1000	1	0	0	0	0	1	0	0	0	0	1	0	-0.3	0	0	1
1000	1	0	0	0	0	1	0	0	0	0	1	0	0	0	0	1

配合:		0


4	2
M22螺母-102
托架横联连接
没有标记
sound\辅助墩托架预拼4.mp3

第二组托架横联为三片，与第一组横联交叉放置。

起始状态: 隐藏		终止状态: 显示		移动节点: 1
1000	1	0	0	0	0	1	0	0	0	0	1	0	0	0	0.3	1
1000	1	0	0	0	0	1	0	0	0	0	1	0	0	0	0	1

配合:		0


4	2
M22x60-104
托架横联连接
没有标记
sound\辅助墩托架预拼4.mp3

第二组托架横联为三片，与第一组横联交叉放置。

起始状态: 隐藏		终止状态: 显示		移动节点: 1
1000	1	0	0	0	0	1	0	0	0	0	1	0	-0.3	0	0	1
1000	1	0	0	0	0	1	0	0	0	0	1	0	0	0	0	1

配合:		0


4	2
M22x60-83
托架横联连接
没有标记
sound\辅助墩托架预拼4.mp3

第二组托架横联为三片，与第一组横联交叉放置。

起始状态: 隐藏		终止状态: 显示		移动节点: 1
1000	1	0	0	0	0	1	0	0	0	0	1	0	-0.3	0	0	1
1000	1	0	0	0	0	1	0	0	0	0	1	0	0	0	0	1

配合:		0


4	2
M22螺母-81
托架横联连接
没有标记
sound\辅助墩托架预拼4.mp3

第二组托架横联为三片，与第一组横联交叉放置。

起始状态: 隐藏		终止状态: 显示		移动节点: 1
1000	1	0	0	0	0	1	0	0	0	0	1	0	0	0	0.3	1
1000	1	0	0	0	0	1	0	0	0	0	1	0	0	0	0	1

配合:		0


4	2
垫圈M22-72
托架横联连接
没有标记
sound\辅助墩托架预拼4.mp3

第二组托架横联为三片，与第一组横联交叉放置。

起始状态: 隐藏		终止状态: 显示		移动节点: 1
1000	1	0	0	0	0	1	0	0	0	0	1	0	-0.3	0	0	1
1000	1	0	0	0	0	1	0	0	0	0	1	0	0	0	0	1

配合:		0


4	2
M22x60-82
托架横联连接
没有标记
sound\辅助墩托架预拼4.mp3

第二组托架横联为三片，与第一组横联交叉放置。

起始状态: 隐藏		终止状态: 显示		移动节点: 1
1000	1	0	0	0	0	1	0	0	0	0	1	0	-0.3	0	0	1
1000	1	0	0	0	0	1	0	0	0	0	1	0	0	0	0	1

配合:		0


4	2
垫圈M22-55
托架横联连接
没有标记
sound\辅助墩托架预拼4.mp3

第二组托架横联为三片，与第一组横联交叉放置。

起始状态: 隐藏		终止状态: 显示		移动节点: 1
1000	1	0	0	0	0	1	0	0	0	0	1	0	-0.3	0	0	1
1000	1	0	0	0	0	1	0	0	0	0	1	0	0	0	0	1

配合:		0


4	2
M22螺母-77
托架横联连接
没有标记
sound\辅助墩托架预拼4.mp3

第二组托架横联为三片，与第一组横联交叉放置。

起始状态: 隐藏		终止状态: 显示		移动节点: 1
1000	1	0	0	0	0	1	0	0	0	0	1	0	0	0	0.3	1
1000	1	0	0	0	0	1	0	0	0	0	1	0	0	0	0	1

配合:		0


4	2
垫圈M22-31
托架横联连接
没有标记
sound\辅助墩托架预拼4.mp3

第二组托架横联为三片，与第一组横联交叉放置。

起始状态: 隐藏		终止状态: 显示		移动节点: 1
1000	1	0	0	0	0	1	0	0	0	0	1	0	-0.3	0	0	1
1000	1	0	0	0	0	1	0	0	0	0	1	0	0	0	0	1

配合:		0


4	2
M22螺母-78
托架横联连接
没有标记
sound\辅助墩托架预拼4.mp3

第二组托架横联为三片，与第一组横联交叉放置。

起始状态: 隐藏		终止状态: 显示		移动节点: 1
1000	1	0	0	0	0	1	0	0	0	0	1	0	0	0	0.3	1
1000	1	0	0	0	0	1	0	0	0	0	1	0	0	0	0	1

配合:		0


4	2
M22x60-112
托架横联连接
没有标记
sound\辅助墩托架预拼4.mp3

第二组托架横联为三片，与第一组横联交叉放置。

起始状态: 隐藏		终止状态: 显示		移动节点: 1
1000	1	0	0	0	0	1	0	0	0	0	1	0	-0.3	0	0	1
1000	1	0	0	0	0	1	0	0	0	0	1	0	0	0	0	1

配合:		0


4	2
M22螺母-94
托架横联连接
没有标记
sound\辅助墩托架预拼4.mp3

第二组托架横联为三片，与第一组横联交叉放置。

起始状态: 隐藏		终止状态: 显示		移动节点: 1
1000	1	0	0	0	0	1	0	0	0	0	1	0	0	0	0.3	1
1000	1	0	0	0	0	1	0	0	0	0	1	0	0	0	0	1

配合:		0


4	2
垫圈M22-63
托架横联连接
没有标记
sound\辅助墩托架预拼4.mp3

第二组托架横联为三片，与第一组横联交叉放置。

起始状态: 隐藏		终止状态: 显示		移动节点: 1
1000	1	0	0	0	0	1	0	0	0	0	1	0	-0.3	0	0	1
1000	1	0	0	0	0	1	0	0	0	0	1	0	0	0	0	1

配合:		0


4	2
M22螺母-103
托架横联连接
没有标记
sound\辅助墩托架预拼4.mp3

第二组托架横联为三片，与第一组横联交叉放置。

起始状态: 隐藏		终止状态: 显示		移动节点: 1
1000	1	0	0	0	0	1	0	0	0	0	1	0	0	0	0.3	1
1000	1	0	0	0	0	1	0	0	0	0	1	0	0	0	0	1

配合:		0


4	2
垫圈M22-29
托架横联连接
没有标记
sound\辅助墩托架预拼4.mp3

第二组托架横联为三片，与第一组横联交叉放置。

起始状态: 隐藏		终止状态: 显示		移动节点: 1
1000	1	0	0	0	0	1	0	0	0	0	1	0	-0.3	0	0	1
1000	1	0	0	0	0	1	0	0	0	0	1	0	0	0	0	1

配合:		0


4	2
垫圈M22-64
托架横联连接
没有标记
sound\辅助墩托架预拼4.mp3

第二组托架横联为三片，与第一组横联交叉放置。

起始状态: 隐藏		终止状态: 显示		移动节点: 1
1000	1	0	0	0	0	1	0	0	0	0	1	0	-0.3	0	0	1
1000	1	0	0	0	0	1	0	0	0	0	1	0	0	0	0	1

配合:		0


4	2
垫圈M22-59
托架横联连接
没有标记
sound\辅助墩托架预拼4.mp3

第二组托架横联为三片，与第一组横联交叉放置。

起始状态: 隐藏		终止状态: 显示		移动节点: 1
1000	1	0	0	0	0	1	0	0	0	0	1	0	-0.3	0	0	1
1000	1	0	0	0	0	1	0	0	0	0	1	0	0	0	0	1

配合:		0


4	2
M22x60-96
托架横联连接
没有标记
sound\辅助墩托架预拼4.mp3

第二组托架横联为三片，与第一组横联交叉放置。

起始状态: 隐藏		终止状态: 显示		移动节点: 1
1000	1	0	0	0	0	1	0	0	0	0	1	0	-0.3	0	0	1
1000	1	0	0	0	0	1	0	0	0	0	1	0	0	0	0	1

配合:		0


4	2
M22螺母-87
托架横联连接
没有标记
sound\辅助墩托架预拼4.mp3

第二组托架横联为三片，与第一组横联交叉放置。

起始状态: 隐藏		终止状态: 显示		移动节点: 1
1000	1	0	0	0	0	1	0	0	0	0	1	0	0	0	0.3	1
1000	1	0	0	0	0	1	0	0	0	0	1	0	0	0	0	1

配合:		0


4	2
垫圈M22-62
托架横联连接
没有标记
sound\辅助墩托架预拼4.mp3

第二组托架横联为三片，与第一组横联交叉放置。

起始状态: 隐藏		终止状态: 显示		移动节点: 1
1000	1	0	0	0	0	1	0	0	0	0	1	0	-0.3	0	0	1
1000	1	0	0	0	0	1	0	0	0	0	1	0	0	0	0	1

配合:		0


4	2
M22螺母-101
托架横联连接
没有标记
sound\辅助墩托架预拼4.mp3

第二组托架横联为三片，与第一组横联交叉放置。

起始状态: 隐藏		终止状态: 显示		移动节点: 1
1000	1	0	0	0	0	1	0	0	0	0	1	0	0	0	0.3	1
1000	1	0	0	0	0	1	0	0	0	0	1	0	0	0	0	1

配合:		0


4	2
垫圈M22-54
托架横联连接
没有标记
sound\辅助墩托架预拼4.mp3

第二组托架横联为三片，与第一组横联交叉放置。

起始状态: 隐藏		终止状态: 显示		移动节点: 1
1000	1	0	0	0	0	1	0	0	0	0	1	0	-0.3	0	0	1
1000	1	0	0	0	0	1	0	0	0	0	1	0	0	0	0	1

配合:		0


4	2
M22x60-102
托架横联连接
没有标记
sound\辅助墩托架预拼4.mp3

第二组托架横联为三片，与第一组横联交叉放置。

起始状态: 隐藏		终止状态: 显示		移动节点: 1
1000	1	0	0	0	0	1	0	0	0	0	1	0	-0.3	0	0	1
1000	1	0	0	0	0	1	0	0	0	0	1	0	0	0	0	1

配合:		0


4	2
M22螺母-93
托架横联连接
没有标记
sound\辅助墩托架预拼4.mp3

第二组托架横联为三片，与第一组横联交叉放置。

起始状态: 隐藏		终止状态: 显示		移动节点: 1
1000	1	0	0	0	0	1	0	0	0	0	1	0	0	0	0.3	1
1000	1	0	0	0	0	1	0	0	0	0	1	0	0	0	0	1

配合:		0


4	2
M22x60-111
托架横联连接
没有标记
sound\辅助墩托架预拼4.mp3

第二组托架横联为三片，与第一组横联交叉放置。

起始状态: 隐藏		终止状态: 显示		移动节点: 1
1000	1	0	0	0	0	1	0	0	0	0	1	0	-0.3	0	0	1
1000	1	0	0	0	0	1	0	0	0	0	1	0	0	0	0	1

配合:		0


4	2
M22螺母-95
托架横联连接
没有标记
sound\辅助墩托架预拼4.mp3

第二组托架横联为三片，与第一组横联交叉放置。

起始状态: 隐藏		终止状态: 显示		移动节点: 1
1000	1	0	0	0	0	1	0	0	0	0	1	0	0	0	0.3	1
1000	1	0	0	0	0	1	0	0	0	0	1	0	0	0	0	1

配合:		0


4	2
M22x60-103
托架横联连接
没有标记
sound\辅助墩托架预拼4.mp3

第二组托架横联为三片，与第一组横联交叉放置。

起始状态: 隐藏		终止状态: 显示		移动节点: 1
1000	1	0	0	0	0	1	0	0	0	0	1	0	-0.3	0	0	1
1000	1	0	0	0	0	1	0	0	0	0	1	0	0	0	0	1

配合:		0


4	2
M22螺母-104
托架横联连接
没有标记
sound\辅助墩托架预拼4.mp3

第二组托架横联为三片，与第一组横联交叉放置。

起始状态: 隐藏		终止状态: 显示		移动节点: 1
1000	1	0	0	0	0	1	0	0	0	0	1	0	0	0	0.3	1
1000	1	0	0	0	0	1	0	0	0	0	1	0	0	0	0	1

配合:		0


4	2
M22螺母-86
托架横联连接
没有标记
sound\辅助墩托架预拼4.mp3

第二组托架横联为三片，与第一组横联交叉放置。

起始状态: 隐藏		终止状态: 显示		移动节点: 1
1000	1	0	0	0	0	1	0	0	0	0	1	0	0	0	0.3	1
1000	1	0	0	0	0	1	0	0	0	0	1	0	0	0	0	1

配合:		0


4	2
M22x60-91
托架横联连接
没有标记
sound\辅助墩托架预拼4.mp3

第二组托架横联为三片，与第一组横联交叉放置。

起始状态: 隐藏		终止状态: 显示		移动节点: 1
1000	1	0	0	0	0	1	0	0	0	0	1	0	-0.3	0	0	1
1000	1	0	0	0	0	1	0	0	0	0	1	0	0	0	0	1

配合:		0


4	2
垫圈M22-53
托架横联连接
没有标记
sound\辅助墩托架预拼4.mp3

第二组托架横联为三片，与第一组横联交叉放置。

起始状态: 隐藏		终止状态: 显示		移动节点: 1
1000	1	0	0	0	0	1	0	0	0	0	1	0	-0.3	0	0	1
1000	1	0	0	0	0	1	0	0	0	0	1	0	0	0	0	1

配合:		0


4	2
M22x60-113
托架横联连接
没有标记
sound\辅助墩托架预拼4.mp3

第二组托架横联为三片，与第一组横联交叉放置。

起始状态: 隐藏		终止状态: 显示		移动节点: 1
1000	1	0	0	0	0	1	0	0	0	0	1	0	-0.3	0	0	1
1000	1	0	0	0	0	1	0	0	0	0	1	0	0	0	0	1

配合:		0


4	2
垫圈M22-73
托架横联连接
没有标记
sound\辅助墩托架预拼4.mp3

第二组托架横联为三片，与第一组横联交叉放置。

起始状态: 隐藏		终止状态: 显示		移动节点: 1
1000	1	0	0	0	0	1	0	0	0	0	1	0	-0.3	0	0	1
1000	1	0	0	0	0	1	0	0	0	0	1	0	0	0	0	1

配合:		0


4	2
M22x60-105
托架横联连接
没有标记
sound\辅助墩托架预拼4.mp3

第二组托架横联为三片，与第一组横联交叉放置。

起始状态: 隐藏		终止状态: 显示		移动节点: 1
1000	1	0	0	0	0	1	0	0	0	0	1	0	-0.3	0	0	1
1000	1	0	0	0	0	1	0	0	0	0	1	0	0	0	0	1

配合:		0


4	2
M22螺母-30
托架横联连接
没有标记
sound\辅助墩托架预拼4.mp3

第二组托架横联为三片，与第一组横联交叉放置。

起始状态: 隐藏		终止状态: 显示		移动节点: 1
1000	1	0	0	0	0	1	0	0	0	0	1	0	0	0	0.3	1
1000	1	0	0	0	0	1	0	0	0	0	1	0	0	0	0	1

配合:		0


4	2
垫圈M22-49
托架横联连接
没有标记
sound\辅助墩托架预拼4.mp3

第二组托架横联为三片，与第一组横联交叉放置。

起始状态: 隐藏		终止状态: 显示		移动节点: 1
1000	1	0	0	0	0	1	0	0	0	0	1	0	-0.3	0	0	1
1000	1	0	0	0	0	1	0	0	0	0	1	0	0	0	0	1

配合:		0


4	2
垫圈M22-60
托架横联连接
没有标记
sound\辅助墩托架预拼4.mp3

第二组托架横联为三片，与第一组横联交叉放置。

起始状态: 隐藏		终止状态: 显示		移动节点: 1
1000	1	0	0	0	0	1	0	0	0	0	1	0	-0.3	0	0	1
1000	1	0	0	0	0	1	0	0	0	0	1	0	0	0	0	1

配合:		0


4	2
M22螺母-88
托架横联连接
没有标记
sound\辅助墩托架预拼4.mp3

第二组托架横联为三片，与第一组横联交叉放置。

起始状态: 隐藏		终止状态: 显示		移动节点: 1
1000	1	0	0	0	0	1	0	0	0	0	1	0	0	0	0.3	1
1000	1	0	0	0	0	1	0	0	0	0	1	0	0	0	0	1

配合:		0


4	2
M22螺母-96
托架横联连接
没有标记
sound\辅助墩托架预拼4.mp3

第二组托架横联为三片，与第一组横联交叉放置。

起始状态: 隐藏		终止状态: 显示		移动节点: 1
1000	1	0	0	0	0	1	0	0	0	0	1	0	0	0	0.3	1
1000	1	0	0	0	0	1	0	0	0	0	1	0	0	0	0	1

配合:		0


4	2
垫圈M22-61
托架横联连接
没有标记
sound\辅助墩托架预拼4.mp3

第二组托架横联为三片，与第一组横联交叉放置。

起始状态: 隐藏		终止状态: 显示		移动节点: 1
1000	1	0	0	0	0	1	0	0	0	0	1	0	-0.3	0	0	1
1000	1	0	0	0	0	1	0	0	0	0	1	0	0	0	0	1

配合:		0


4	2
垫圈M22-47
托架横联连接
没有标记
sound\辅助墩托架预拼4.mp3

第二组托架横联为三片，与第一组横联交叉放置。

起始状态: 隐藏		终止状态: 显示		移动节点: 1
1000	1	0	0	0	0	1	0	0	0	0	1	0	-0.3	0	0	1
1000	1	0	0	0	0	1	0	0	0	0	1	0	0	0	0	1

配合:		0


4	2
M22x60-110
托架横联连接
没有标记
sound\辅助墩托架预拼4.mp3

第二组托架横联为三片，与第一组横联交叉放置。

起始状态: 隐藏		终止状态: 显示		移动节点: 1
1000	1	0	0	0	0	1	0	0	0	0	1	0	-0.3	0	0	1
1000	1	0	0	0	0	1	0	0	0	0	1	0	0	0	0	1

配合:		0


4	2
垫圈M22-33
托架横联连接
没有标记
sound\辅助墩托架预拼4.mp3

第二组托架横联为三片，与第一组横联交叉放置。

起始状态: 隐藏		终止状态: 显示		移动节点: 1
1000	1	0	0	0	0	1	0	0	0	0	1	0	-0.3	0	0	1
1000	1	0	0	0	0	1	0	0	0	0	1	0	0	0	0	1

配合:		0


4	2
M22x60-90
托架横联连接
没有标记
sound\辅助墩托架预拼4.mp3

第二组托架横联为三片，与第一组横联交叉放置。

起始状态: 隐藏		终止状态: 显示		移动节点: 1
1000	1	0	0	0	0	1	0	0	0	0	1	0	-0.3	0	0	1
1000	1	0	0	0	0	1	0	0	0	0	1	0	0	0	0	1

配合:		0


4	2
M22螺母-85
托架横联连接
没有标记
sound\辅助墩托架预拼4.mp3

第二组托架横联为三片，与第一组横联交叉放置。

起始状态: 隐藏		终止状态: 显示		移动节点: 1
1000	1	0	0	0	0	1	0	0	0	0	1	0	0	0	0.3	1
1000	1	0	0	0	0	1	0	0	0	0	1	0	0	0	0	1

配合:		0


4	2
垫圈M22-45
托架横联连接
没有标记
sound\辅助墩托架预拼4.mp3

第二组托架横联为三片，与第一组横联交叉放置。

起始状态: 隐藏		终止状态: 显示		移动节点: 1
1000	1	0	0	0	0	1	0	0	0	0	1	0	-0.3	0	0	1
1000	1	0	0	0	0	1	0	0	0	0	1	0	0	0	0	1

配合:		0


4	2
M22螺母-82
托架横联连接
没有标记
sound\辅助墩托架预拼4.mp3

第二组托架横联为三片，与第一组横联交叉放置。

起始状态: 隐藏		终止状态: 显示		移动节点: 1
1000	1	0	0	0	0	1	0	0	0	0	1	0	0	0	0.3	1
1000	1	0	0	0	0	1	0	0	0	0	1	0	0	0	0	1

配合:		0


4	2
M22x60-87
托架横联连接
没有标记
sound\辅助墩托架预拼4.mp3

第二组托架横联为三片，与第一组横联交叉放置。

起始状态: 隐藏		终止状态: 显示		移动节点: 1
1000	1	0	0	0	0	1	0	0	0	0	1	0	-0.3	0	0	1
1000	1	0	0	0	0	1	0	0	0	0	1	0	0	0	0	1

配合:		0


4	2
M22螺母-74
托架横联连接
没有标记
sound\辅助墩托架预拼4.mp3

第二组托架横联为三片，与第一组横联交叉放置。

起始状态: 隐藏		终止状态: 显示		移动节点: 1
1000	1	0	0	0	0	1	0	0	0	0	1	0	0	0	0.3	1
1000	1	0	0	0	0	1	0	0	0	0	1	0	0	0	0	1

配合:		0


4	2
M22x60-86
托架横联连接
没有标记
sound\辅助墩托架预拼4.mp3

第二组托架横联为三片，与第一组横联交叉放置。

起始状态: 隐藏		终止状态: 显示		移动节点: 1
1000	1	0	0	0	0	1	0	0	0	0	1	0	-0.3	0	0	1
1000	1	0	0	0	0	1	0	0	0	0	1	0	0	0	0	1

配合:		0


4	2
M22x60-94
托架横联连接
没有标记
sound\辅助墩托架预拼4.mp3

第二组托架横联为三片，与第一组横联交叉放置。

起始状态: 隐藏		终止状态: 显示		移动节点: 1
1000	1	0	0	0	0	1	0	0	0	0	1	0	-0.3	0	0	1
1000	1	0	0	0	0	1	0	0	0	0	1	0	0	0	0	1

配合:		0


4	2
M22x60-97
托架横联连接
没有标记
sound\辅助墩托架预拼4.mp3

第二组托架横联为三片，与第一组横联交叉放置。

起始状态: 隐藏		终止状态: 显示		移动节点: 1
1000	1	0	0	0	0	1	0	0	0	0	1	0	-0.3	0	0	1
1000	1	0	0	0	0	1	0	0	0	0	1	0	0	0	0	1

配合:		0


4	2
M22x60-95
托架横联连接
没有标记
sound\辅助墩托架预拼4.mp3

第二组托架横联为三片，与第一组横联交叉放置。

起始状态: 隐藏		终止状态: 显示		移动节点: 1
1000	1	0	0	0	0	1	0	0	0	0	1	0	-0.3	0	0	1
1000	1	0	0	0	0	1	0	0	0	0	1	0	0	0	0	1

配合:		0


5	1
托架桁-3
第三组托架桁
没有标记
sound\辅助墩托架预拼5.mp3

人工将第三组托架桁竖立好，与托架横联相连。横联通过M22×60的螺栓与托架桁立柱角钢连接。

起始状态: 隐藏		终止状态: 显示		移动节点: 1
1500	1	0	0	0	0	1	0	0	0	0	1	0	0	0	-1	1
1000	1	0	0	0	0	1	0	0	0	0	1	0	0	0	0	1

配合:		1
没有标记
托架桁-3	7	2
托架横联-5	2	1


5	2
垫圈M22-32
第三组托架桁
没有标记
sound\辅助墩托架预拼5.mp3

人工将第三组托架桁竖立好，与托架横联相连。横联通过M22×60的螺栓与托架桁立柱角钢连接。

起始状态: 隐藏		终止状态: 显示		移动节点: 1
1000	1	0	0	0	0	1	0	0	0	0	1	0	-0.3	0	0	1
1000	1	0	0	0	0	1	0	0	0	0	1	0	0	0	0	1

配合:		0


5	2
M22x60-116
第三组托架桁
没有标记
sound\辅助墩托架预拼5.mp3

人工将第三组托架桁竖立好，与托架横联相连。横联通过M22×60的螺栓与托架桁立柱角钢连接。

起始状态: 隐藏		终止状态: 显示		移动节点: 1
1000	1	0	0	0	0	1	0	0	0	0	1	0	-0.3	0	0	1
1000	1	0	0	0	0	1	0	0	0	0	1	0	0	0	0	1

配合:		0


5	2
M22x60-81
第三组托架桁
没有标记
sound\辅助墩托架预拼5.mp3

人工将第三组托架桁竖立好，与托架横联相连。横联通过M22×60的螺栓与托架桁立柱角钢连接。

起始状态: 隐藏		终止状态: 显示		移动节点: 1
1000	1	0	0	0	0	1	0	0	0	0	1	0	-0.3	0	0	1
1000	1	0	0	0	0	1	0	0	0	0	1	0	0	0	0	1

配合:		0


5	2
垫圈M22-67
第三组托架桁
没有标记
sound\辅助墩托架预拼5.mp3

人工将第三组托架桁竖立好，与托架横联相连。横联通过M22×60的螺栓与托架桁立柱角钢连接。

起始状态: 隐藏		终止状态: 显示		移动节点: 1
1000	1	0	0	0	0	1	0	0	0	0	1	0	-0.3	0	0	1
1000	1	0	0	0	0	1	0	0	0	0	1	0	0	0	0	1

配合:		0


5	2
M22螺母-106
第三组托架桁
没有标记
sound\辅助墩托架预拼5.mp3

人工将第三组托架桁竖立好，与托架横联相连。横联通过M22×60的螺栓与托架桁立柱角钢连接。

起始状态: 隐藏		终止状态: 显示		移动节点: 1
1000	1	0	0	0	0	1	0	0	0	0	1	0	0	0	0.3	1
1000	1	0	0	0	0	1	0	0	0	0	1	0	0	0	0	1

配合:		0


5	2
垫圈M22-65
第三组托架桁
没有标记
sound\辅助墩托架预拼5.mp3

人工将第三组托架桁竖立好，与托架横联相连。横联通过M22×60的螺栓与托架桁立柱角钢连接。

起始状态: 隐藏		终止状态: 显示		移动节点: 1
1000	1	0	0	0	0	1	0	0	0	0	1	0	-0.3	0	0	1
1000	1	0	0	0	0	1	0	0	0	0	1	0	0	0	0	1

配合:		0


5	2
M22螺母-75
第三组托架桁
没有标记
sound\辅助墩托架预拼5.mp3

人工将第三组托架桁竖立好，与托架横联相连。横联通过M22×60的螺栓与托架桁立柱角钢连接。

起始状态: 隐藏		终止状态: 显示		移动节点: 1
1000	1	0	0	0	0	1	0	0	0	0	1	0	0	0	0.3	1
1000	1	0	0	0	0	1	0	0	0	0	1	0	0	0	0	1

配合:		0


5	2
垫圈M22-68
第三组托架桁
没有标记
sound\辅助墩托架预拼5.mp3

人工将第三组托架桁竖立好，与托架横联相连。横联通过M22×60的螺栓与托架桁立柱角钢连接。

起始状态: 隐藏		终止状态: 显示		移动节点: 1
1000	1	0	0	0	0	1	0	0	0	0	1	0	-0.3	0	0	1
1000	1	0	0	0	0	1	0	0	0	0	1	0	0	0	0	1

配合:		0


5	2
M22x60-93
第三组托架桁
没有标记
sound\辅助墩托架预拼5.mp3

人工将第三组托架桁竖立好，与托架横联相连。横联通过M22×60的螺栓与托架桁立柱角钢连接。

起始状态: 隐藏		终止状态: 显示		移动节点: 1
1000	1	0	0	0	0	1	0	0	0	0	1	0	-0.3	0	0	1
1000	1	0	0	0	0	1	0	0	0	0	1	0	0	0	0	1

配合:		0


5	2
M22螺母-105
第三组托架桁
没有标记
sound\辅助墩托架预拼5.mp3

人工将第三组托架桁竖立好，与托架横联相连。横联通过M22×60的螺栓与托架桁立柱角钢连接。

起始状态: 隐藏		终止状态: 显示		移动节点: 1
1000	1	0	0	0	0	1	0	0	0	0	1	0	0	0	0.3	1
1000	1	0	0	0	0	1	0	0	0	0	1	0	0	0	0	1

配合:		0


5	2
垫圈M22-56
第三组托架桁
没有标记
sound\辅助墩托架预拼5.mp3

人工将第三组托架桁竖立好，与托架横联相连。横联通过M22×60的螺栓与托架桁立柱角钢连接。

起始状态: 隐藏		终止状态: 显示		移动节点: 1
1000	1	0	0	0	0	1	0	0	0	0	1	0	-0.3	0	0	1
1000	1	0	0	0	0	1	0	0	0	0	1	0	0	0	0	1

配合:		0


5	2
M22螺母-84
第三组托架桁
没有标记
sound\辅助墩托架预拼5.mp3

人工将第三组托架桁竖立好，与托架横联相连。横联通过M22×60的螺栓与托架桁立柱角钢连接。

起始状态: 隐藏		终止状态: 显示		移动节点: 1
1000	1	0	0	0	0	1	0	0	0	0	1	0	0	0	0.3	1
1000	1	0	0	0	0	1	0	0	0	0	1	0	0	0	0	1

配合:		0


5	2
垫圈M22-66
第三组托架桁
没有标记
sound\辅助墩托架预拼5.mp3

人工将第三组托架桁竖立好，与托架横联相连。横联通过M22×60的螺栓与托架桁立柱角钢连接。

起始状态: 隐藏		终止状态: 显示		移动节点: 1
1000	1	0	0	0	0	1	0	0	0	0	1	0	-0.3	0	0	1
1000	1	0	0	0	0	1	0	0	0	0	1	0	0	0	0	1

配合:		0


5	2
M22螺母-100
第三组托架桁
没有标记
sound\辅助墩托架预拼5.mp3

人工将第三组托架桁竖立好，与托架横联相连。横联通过M22×60的螺栓与托架桁立柱角钢连接。

起始状态: 隐藏		终止状态: 显示		移动节点: 1
1000	1	0	0	0	0	1	0	0	0	0	1	0	0	0	0.3	1
1000	1	0	0	0	0	1	0	0	0	0	1	0	0	0	0	1

配合:		0


5	2
垫圈M22-57
第三组托架桁
没有标记
sound\辅助墩托架预拼5.mp3

人工将第三组托架桁竖立好，与托架横联相连。横联通过M22×60的螺栓与托架桁立柱角钢连接。

起始状态: 隐藏		终止状态: 显示		移动节点: 1
1000	1	0	0	0	0	1	0	0	0	0	1	0	-0.3	0	0	1
1000	1	0	0	0	0	1	0	0	0	0	1	0	0	0	0	1

配合:		0


5	2
垫圈M22-48
第三组托架桁
没有标记
sound\辅助墩托架预拼5.mp3

人工将第三组托架桁竖立好，与托架横联相连。横联通过M22×60的螺栓与托架桁立柱角钢连接。

起始状态: 隐藏		终止状态: 显示		移动节点: 1
1000	1	0	0	0	0	1	0	0	0	0	1	0	-0.3	0	0	1
1000	1	0	0	0	0	1	0	0	0	0	1	0	0	0	0	1

配合:		0


5	2
M22x60-99
第三组托架桁
没有标记
sound\辅助墩托架预拼5.mp3

人工将第三组托架桁竖立好，与托架横联相连。横联通过M22×60的螺栓与托架桁立柱角钢连接。

起始状态: 隐藏		终止状态: 显示		移动节点: 1
1000	1	0	0	0	0	1	0	0	0	0	1	0	-0.3	0	0	1
1000	1	0	0	0	0	1	0	0	0	0	1	0	0	0	0	1

配合:		0


5	2
M22x60-92
第三组托架桁
没有标记
sound\辅助墩托架预拼5.mp3

人工将第三组托架桁竖立好，与托架横联相连。横联通过M22×60的螺栓与托架桁立柱角钢连接。

起始状态: 隐藏		终止状态: 显示		移动节点: 1
1000	1	0	0	0	0	1	0	0	0	0	1	0	-0.3	0	0	1
1000	1	0	0	0	0	1	0	0	0	0	1	0	0	0	0	1

配合:		0


5	2
垫圈M22-70
第三组托架桁
没有标记
sound\辅助墩托架预拼5.mp3

人工将第三组托架桁竖立好，与托架横联相连。横联通过M22×60的螺栓与托架桁立柱角钢连接。

起始状态: 隐藏		终止状态: 显示		移动节点: 1
1000	1	0	0	0	0	1	0	0	0	0	1	0	-0.3	0	0	1
1000	1	0	0	0	0	1	0	0	0	0	1	0	0	0	0	1

配合:		0


5	2
M22x60-107
第三组托架桁
没有标记
sound\辅助墩托架预拼5.mp3

人工将第三组托架桁竖立好，与托架横联相连。横联通过M22×60的螺栓与托架桁立柱角钢连接。

起始状态: 隐藏		终止状态: 显示		移动节点: 1
1000	1	0	0	0	0	1	0	0	0	0	1	0	-0.3	0	0	1
1000	1	0	0	0	0	1	0	0	0	0	1	0	0	0	0	1

配合:		0


5	2
M22螺母-98
第三组托架桁
没有标记
sound\辅助墩托架预拼5.mp3

人工将第三组托架桁竖立好，与托架横联相连。横联通过M22×60的螺栓与托架桁立柱角钢连接。

起始状态: 隐藏		终止状态: 显示		移动节点: 1
1000	1	0	0	0	0	1	0	0	0	0	1	0	0	0	0.3	1
1000	1	0	0	0	0	1	0	0	0	0	1	0	0	0	0	1

配合:		0


5	2
M22x60-88
第三组托架桁
没有标记
sound\辅助墩托架预拼5.mp3

人工将第三组托架桁竖立好，与托架横联相连。横联通过M22×60的螺栓与托架桁立柱角钢连接。

起始状态: 隐藏		终止状态: 显示		移动节点: 1
1000	1	0	0	0	0	1	0	0	0	0	1	0	-0.3	0	0	1
1000	1	0	0	0	0	1	0	0	0	0	1	0	0	0	0	1

配合:		0


5	2
M22x60-101
第三组托架桁
没有标记
sound\辅助墩托架预拼5.mp3

人工将第三组托架桁竖立好，与托架横联相连。横联通过M22×60的螺栓与托架桁立柱角钢连接。

起始状态: 隐藏		终止状态: 显示		移动节点: 1
1000	1	0	0	0	0	1	0	0	0	0	1	0	-0.3	0	0	1
1000	1	0	0	0	0	1	0	0	0	0	1	0	0	0	0	1

配合:		0


5	2
垫圈M22-46
第三组托架桁
没有标记
sound\辅助墩托架预拼5.mp3

人工将第三组托架桁竖立好，与托架横联相连。横联通过M22×60的螺栓与托架桁立柱角钢连接。

起始状态: 隐藏		终止状态: 显示		移动节点: 1
1000	1	0	0	0	0	1	0	0	0	0	1	0	-0.3	0	0	1
1000	1	0	0	0	0	1	0	0	0	0	1	0	0	0	0	1

配合:		0


5	2
M22x60-108
第三组托架桁
没有标记
sound\辅助墩托架预拼5.mp3

人工将第三组托架桁竖立好，与托架横联相连。横联通过M22×60的螺栓与托架桁立柱角钢连接。

起始状态: 隐藏		终止状态: 显示		移动节点: 1
1000	1	0	0	0	0	1	0	0	0	0	1	0	-0.3	0	0	1
1000	1	0	0	0	0	1	0	0	0	0	1	0	0	0	0	1

配合:		0


5	2
M22螺母-90
第三组托架桁
没有标记
sound\辅助墩托架预拼5.mp3

人工将第三组托架桁竖立好，与托架横联相连。横联通过M22×60的螺栓与托架桁立柱角钢连接。

起始状态: 隐藏		终止状态: 显示		移动节点: 1
1000	1	0	0	0	0	1	0	0	0	0	1	0	0	0	0.3	1
1000	1	0	0	0	0	1	0	0	0	0	1	0	0	0	0	1

配合:		0


5	2
垫圈M22-25
第三组托架桁
没有标记
sound\辅助墩托架预拼5.mp3

人工将第三组托架桁竖立好，与托架横联相连。横联通过M22×60的螺栓与托架桁立柱角钢连接。

起始状态: 隐藏		终止状态: 显示		移动节点: 1
1000	1	0	0	0	0	1	0	0	0	0	1	0	-0.3	0	0	1
1000	1	0	0	0	0	1	0	0	0	0	1	0	0	0	0	1

配合:		0


5	2
垫圈M22-58
第三组托架桁
没有标记
sound\辅助墩托架预拼5.mp3

人工将第三组托架桁竖立好，与托架横联相连。横联通过M22×60的螺栓与托架桁立柱角钢连接。

起始状态: 隐藏		终止状态: 显示		移动节点: 1
1000	1	0	0	0	0	1	0	0	0	0	1	0	-0.3	0	0	1
1000	1	0	0	0	0	1	0	0	0	0	1	0	0	0	0	1

配合:		0


5	2
M22x60-109
第三组托架桁
没有标记
sound\辅助墩托架预拼5.mp3

人工将第三组托架桁竖立好，与托架横联相连。横联通过M22×60的螺栓与托架桁立柱角钢连接。

起始状态: 隐藏		终止状态: 显示		移动节点: 1
1000	1	0	0	0	0	1	0	0	0	0	1	0	-0.3	0	0	1
1000	1	0	0	0	0	1	0	0	0	0	1	0	0	0	0	1

配合:		0


5	2
M22螺母-26
第三组托架桁
没有标记
sound\辅助墩托架预拼5.mp3

人工将第三组托架桁竖立好，与托架横联相连。横联通过M22×60的螺栓与托架桁立柱角钢连接。

起始状态: 隐藏		终止状态: 显示		移动节点: 1
1000	1	0	0	0	0	1	0	0	0	0	1	0	0	0	0.3	1
1000	1	0	0	0	0	1	0	0	0	0	1	0	0	0	0	1

配合:		0


5	2
M22x60-115
第三组托架桁
没有标记
sound\辅助墩托架预拼5.mp3

人工将第三组托架桁竖立好，与托架横联相连。横联通过M22×60的螺栓与托架桁立柱角钢连接。

起始状态: 隐藏		终止状态: 显示		移动节点: 1
1000	1	0	0	0	0	1	0	0	0	0	1	0	-0.3	0	0	1
1000	1	0	0	0	0	1	0	0	0	0	1	0	0	0	0	1

配合:		0


5	2
M22x60-98
第三组托架桁
没有标记
sound\辅助墩托架预拼5.mp3

人工将第三组托架桁竖立好，与托架横联相连。横联通过M22×60的螺栓与托架桁立柱角钢连接。

起始状态: 隐藏		终止状态: 显示		移动节点: 1
1000	1	0	0	0	0	1	0	0	0	0	1	0	-0.3	0	0	1
1000	1	0	0	0	0	1	0	0	0	0	1	0	0	0	0	1

配合:		0


5	2
垫圈M22-26
第三组托架桁
没有标记
sound\辅助墩托架预拼5.mp3

人工将第三组托架桁竖立好，与托架横联相连。横联通过M22×60的螺栓与托架桁立柱角钢连接。

起始状态: 隐藏		终止状态: 显示		移动节点: 1
1000	1	0	0	0	0	1	0	0	0	0	1	0	-0.3	0	0	1
1000	1	0	0	0	0	1	0	0	0	0	1	0	0	0	0	1

配合:		0


5	2
M22螺母-91
第三组托架桁
没有标记
sound\辅助墩托架预拼5.mp3

人工将第三组托架桁竖立好，与托架横联相连。横联通过M22×60的螺栓与托架桁立柱角钢连接。

起始状态: 隐藏		终止状态: 显示		移动节点: 1
1000	1	0	0	0	0	1	0	0	0	0	1	0	0	0	0.3	1
1000	1	0	0	0	0	1	0	0	0	0	1	0	0	0	0	1

配合:		0


5	2
M22螺母-99
第三组托架桁
没有标记
sound\辅助墩托架预拼5.mp3

人工将第三组托架桁竖立好，与托架横联相连。横联通过M22×60的螺栓与托架桁立柱角钢连接。

起始状态: 隐藏		终止状态: 显示		移动节点: 1
1000	1	0	0	0	0	1	0	0	0	0	1	0	0	0	0.3	1
1000	1	0	0	0	0	1	0	0	0	0	1	0	0	0	0	1

配合:		0


5	2
M22螺母-80
第三组托架桁
没有标记
sound\辅助墩托架预拼5.mp3

人工将第三组托架桁竖立好，与托架横联相连。横联通过M22×60的螺栓与托架桁立柱角钢连接。

起始状态: 隐藏		终止状态: 显示		移动节点: 1
1000	1	0	0	0	0	1	0	0	0	0	1	0	0	0	0.3	1
1000	1	0	0	0	0	1	0	0	0	0	1	0	0	0	0	1

配合:		0


5	2
M22x60-85
第三组托架桁
没有标记
sound\辅助墩托架预拼5.mp3

人工将第三组托架桁竖立好，与托架横联相连。横联通过M22×60的螺栓与托架桁立柱角钢连接。

起始状态: 隐藏		终止状态: 显示		移动节点: 1
1000	1	0	0	0	0	1	0	0	0	0	1	0	-0.3	0	0	1
1000	1	0	0	0	0	1	0	0	0	0	1	0	0	0	0	1

配合:		0


5	2
M22x60-100
第三组托架桁
没有标记
sound\辅助墩托架预拼5.mp3

人工将第三组托架桁竖立好，与托架横联相连。横联通过M22×60的螺栓与托架桁立柱角钢连接。

起始状态: 隐藏		终止状态: 显示		移动节点: 1
1000	1	0	0	0	0	1	0	0	0	0	1	0	-0.3	0	0	1
1000	1	0	0	0	0	1	0	0	0	0	1	0	0	0	0	1

配合:		0


5	2
垫圈M22-52
第三组托架桁
没有标记
sound\辅助墩托架预拼5.mp3

人工将第三组托架桁竖立好，与托架横联相连。横联通过M22×60的螺栓与托架桁立柱角钢连接。

起始状态: 隐藏		终止状态: 显示		移动节点: 1
1000	1	0	0	0	0	1	0	0	0	0	1	0	-0.3	0	0	1
1000	1	0	0	0	0	1	0	0	0	0	1	0	0	0	0	1

配合:		0


5	2
M22螺母-92
第三组托架桁
没有标记
sound\辅助墩托架预拼5.mp3

人工将第三组托架桁竖立好，与托架横联相连。横联通过M22×60的螺栓与托架桁立柱角钢连接。

起始状态: 隐藏		终止状态: 显示		移动节点: 1
1000	1	0	0	0	0	1	0	0	0	0	1	0	0	0	0.3	1
1000	1	0	0	0	0	1	0	0	0	0	1	0	0	0	0	1

配合:		0


5	2
M22x60-89
第三组托架桁
没有标记
sound\辅助墩托架预拼5.mp3

人工将第三组托架桁竖立好，与托架横联相连。横联通过M22×60的螺栓与托架桁立柱角钢连接。

起始状态: 隐藏		终止状态: 显示		移动节点: 1
1000	1	0	0	0	0	1	0	0	0	0	1	0	-0.3	0	0	1
1000	1	0	0	0	0	1	0	0	0	0	1	0	0	0	0	1

配合:		0


5	2
垫圈M22-30
第三组托架桁
没有标记
sound\辅助墩托架预拼5.mp3

人工将第三组托架桁竖立好，与托架横联相连。横联通过M22×60的螺栓与托架桁立柱角钢连接。

起始状态: 隐藏		终止状态: 显示		移动节点: 1
1000	1	0	0	0	0	1	0	0	0	0	1	0	-0.3	0	0	1
1000	1	0	0	0	0	1	0	0	0	0	1	0	0	0	0	1

配合:		0


5	2
M22x60-106
第三组托架桁
没有标记
sound\辅助墩托架预拼5.mp3

人工将第三组托架桁竖立好，与托架横联相连。横联通过M22×60的螺栓与托架桁立柱角钢连接。

起始状态: 隐藏		终止状态: 显示		移动节点: 1
1000	1	0	0	0	0	1	0	0	0	0	1	0	-0.3	0	0	1
1000	1	0	0	0	0	1	0	0	0	0	1	0	0	0	0	1

配合:		0


5	2
M22螺母-97
第三组托架桁
没有标记
sound\辅助墩托架预拼5.mp3

人工将第三组托架桁竖立好，与托架横联相连。横联通过M22×60的螺栓与托架桁立柱角钢连接。

起始状态: 隐藏		终止状态: 显示		移动节点: 1
1000	1	0	0	0	0	1	0	0	0	0	1	0	0	0	0.3	1
1000	1	0	0	0	0	1	0	0	0	0	1	0	0	0	0	1

配合:		0


5	2
M22x60-114
第三组托架桁
没有标记
sound\辅助墩托架预拼5.mp3

人工将第三组托架桁竖立好，与托架横联相连。横联通过M22×60的螺栓与托架桁立柱角钢连接。

起始状态: 隐藏		终止状态: 显示		移动节点: 1
1000	1	0	0	0	0	1	0	0	0	0	1	0	-0.3	0	0	1
1000	1	0	0	0	0	1	0	0	0	0	1	0	0	0	0	1

配合:		0


5	2
垫圈M22-50
第三组托架桁
没有标记
sound\辅助墩托架预拼5.mp3

人工将第三组托架桁竖立好，与托架横联相连。横联通过M22×60的螺栓与托架桁立柱角钢连接。

起始状态: 隐藏		终止状态: 显示		移动节点: 1
1000	1	0	0	0	0	1	0	0	0	0	1	0	-0.3	0	0	1
1000	1	0	0	0	0	1	0	0	0	0	1	0	0	0	0	1

配合:		0


5	2
M22螺母-76
第三组托架桁
没有标记
sound\辅助墩托架预拼5.mp3

人工将第三组托架桁竖立好，与托架横联相连。横联通过M22×60的螺栓与托架桁立柱角钢连接。

起始状态: 隐藏		终止状态: 显示		移动节点: 1
1000	1	0	0	0	0	1	0	0	0	0	1	0	0	0	0.3	1
1000	1	0	0	0	0	1	0	0	0	0	1	0	0	0	0	1

配合:		0


5	2
M22x60-84
第三组托架桁
没有标记
sound\辅助墩托架预拼5.mp3

人工将第三组托架桁竖立好，与托架横联相连。横联通过M22×60的螺栓与托架桁立柱角钢连接。

起始状态: 隐藏		终止状态: 显示		移动节点: 1
1000	1	0	0	0	0	1	0	0	0	0	1	0	-0.3	0	0	1
1000	1	0	0	0	0	1	0	0	0	0	1	0	0	0	0	1

配合:		0


5	2
M22螺母-83
第三组托架桁
没有标记
sound\辅助墩托架预拼5.mp3

人工将第三组托架桁竖立好，与托架横联相连。横联通过M22×60的螺栓与托架桁立柱角钢连接。

起始状态: 隐藏		终止状态: 显示		移动节点: 1
1000	1	0	0	0	0	1	0	0	0	0	1	0	0	0	0.3	1
1000	1	0	0	0	0	1	0	0	0	0	1	0	0	0	0	1

配合:		0


5	2
M22螺母-79
第三组托架桁
没有标记
sound\辅助墩托架预拼5.mp3

人工将第三组托架桁竖立好，与托架横联相连。横联通过M22×60的螺栓与托架桁立柱角钢连接。

起始状态: 隐藏		终止状态: 显示		移动节点: 1
1000	1	0	0	0	0	1	0	0	0	0	1	0	0	0	0.3	1
1000	1	0	0	0	0	1	0	0	0	0	1	0	0	0	0	1

配合:		0


5	2
垫圈M22-51
第三组托架桁
没有标记
sound\辅助墩托架预拼5.mp3

人工将第三组托架桁竖立好，与托架横联相连。横联通过M22×60的螺栓与托架桁立柱角钢连接。

起始状态: 隐藏		终止状态: 显示		移动节点: 1
1000	1	0	0	0	0	1	0	0	0	0	1	0	-0.3	0	0	1
1000	1	0	0	0	0	1	0	0	0	0	1	0	0	0	0	1

配合:		0


5	2
M22螺母-89
第三组托架桁
没有标记
sound\辅助墩托架预拼5.mp3

人工将第三组托架桁竖立好，与托架横联相连。横联通过M22×60的螺栓与托架桁立柱角钢连接。

起始状态: 隐藏		终止状态: 显示		移动节点: 1
1000	1	0	0	0	0	1	0	0	0	0	1	0	0	0	0.3	1
1000	1	0	0	0	0	1	0	0	0	0	1	0	0	0	0	1

配合:		0


5	2
M22螺母-107
第三组托架桁
没有标记
sound\辅助墩托架预拼5.mp3

人工将第三组托架桁竖立好，与托架横联相连。横联通过M22×60的螺栓与托架桁立柱角钢连接。

起始状态: 隐藏		终止状态: 显示		移动节点: 1
1000	1	0	0	0	0	1	0	0	0	0	1	0	0	0	0.3	1
1000	1	0	0	0	0	1	0	0	0	0	1	0	0	0	0	1

配合:		0


5	2
垫圈M22-69
第三组托架桁
没有标记
sound\辅助墩托架预拼5.mp3

人工将第三组托架桁竖立好，与托架横联相连。横联通过M22×60的螺栓与托架桁立柱角钢连接。

起始状态: 隐藏		终止状态: 显示		移动节点: 1
1000	1	0	0	0	0	1	0	0	0	0	1	0	-0.3	0	0	1
1000	1	0	0	0	0	1	0	0	0	0	1	0	0	0	0	1

配合:		0


