1	1
标准梁节-1
标准梁节岸上预拼
没有标记
sound\标准梁节预拼1.mp3

标准梁节岸上预拼。

起始状态: 隐藏		终止状态: 显示		移动节点: 1
1500	1	0	0	0	0	1	0	0	0	0	1	0	0	2	0	1
1500	1	0	0	0	0	1	0	0	0	0	1	0	0	0	0	1

配合:		0


2	1
滚板-4
梁端放置滚板
没有标记
sound\标准梁节预拼2.mp3

将四块滚板悬挂在在梁节下缘板端部，支托下连接板，便于梁节或门桥连接。

起始状态: 隐藏		终止状态: 显示		移动节点: 1
1500	1	0	0	0	0	1	0	0	0	0	1	0	0.8	0	0	1
1500	1	0	0	0	0	1	0	0	0	0	1	0	0	0	0	1

配合:		0


2	1
滚板-3
梁端放置滚板
没有标记
sound\标准梁节预拼2.mp3

将四块滚板悬挂在在梁节下缘板端部，支托下连接板，便于梁节或门桥连接。

起始状态: 隐藏		终止状态: 显示		移动节点: 1
1500	1	0	0	0	0	1	0	0	0	0	1	0	-0.8	0	0	1
1500	1	0	0	0	0	1	0	0	0	0	1	0	0	0	0	1

配合:		0


2	2
滚板-2
梁端放置滚板
没有标记
sound\标准梁节预拼2.mp3

将四块滚板悬挂在在梁节下缘板端部，支托下连接板，便于梁节或门桥连接。

起始状态: 隐藏		终止状态: 显示		移动节点: 1
1500	1	0	0	0	0	1	0	0	0	0	1	0	0.5	0	0	1
1500	1	0	0	0	0	1	0	0	0	0	1	0	0	0	0	1

配合:		0


2	2
滚板-1
梁端放置滚板
没有标记
sound\标准梁节预拼2.mp3

将四块滚板悬挂在在梁节下缘板端部，支托下连接板，便于梁节或门桥连接。

起始状态: 隐藏		终止状态: 显示		移动节点: 1
1500	1	0	0	0	0	1	0	0	0	0	1	0	-0.5	0	0	1
1500	1	0	0	0	0	1	0	0	0	0	1	0	0	0	0	1

配合:		0


3	1
上连接板-5
梁端放置连接板
没有标记
sound\标准梁节预拼3.mp3

将上下连接板按照面对梁端“右上左下”“上大下小”，槽口向下进行放置。并用钢销固定。将64付Φ48梁翼缘上连接螺栓、64个Φ48钢销、32付M32×80法兰螺栓和4个法兰定位销放置在8个螺栓箱内。同时将步行板和铁梯放置在梁节上，并进行捆绑。

起始状态: 隐藏		终止状态: 显示		移动节点: 1
1500	1	0	0	0	0	1	0	0	0	0	1	0	1.3	0	0	1
1000	1	0	0	0	0	1	0	0	0	0	1	0	0	0	0	1

配合:		0


3	1
下连接板-5
梁端放置连接板
没有标记
sound\标准梁节预拼3.mp3

将上下连接板按照面对梁端“右上左下”“上大下小”，槽口向下进行放置。并用钢销固定。将64付Φ48梁翼缘上连接螺栓、64个Φ48钢销、32付M32×80法兰螺栓和4个法兰定位销放置在8个螺栓箱内。同时将步行板和铁梯放置在梁节上，并进行捆绑。

起始状态: 隐藏		终止状态: 显示		移动节点: 1
1500	1	0	0	0	0	1	0	0	0	0	1	0	1.3	0	0	1
1000	1	0	0	0	0	1	0	0	0	0	1	0	0	0	0	1

配合:		0


3	1
上连接板-7
梁端放置连接板
没有标记
sound\标准梁节预拼3.mp3

将上下连接板按照面对梁端“右上左下”“上大下小”，槽口向下进行放置。并用钢销固定。将64付Φ48梁翼缘上连接螺栓、64个Φ48钢销、32付M32×80法兰螺栓和4个法兰定位销放置在8个螺栓箱内。同时将步行板和铁梯放置在梁节上，并进行捆绑。

起始状态: 隐藏		终止状态: 显示		移动节点: 1
1500	1	0	0	0	0	1	0	0	0	0	1	0	1.3	0	0	1
1000	1	0	0	0	0	1	0	0	0	0	1	0	0	0	0	1

配合:		0


3	1
下连接板-8
梁端放置连接板
没有标记
sound\标准梁节预拼3.mp3

将上下连接板按照面对梁端“右上左下”“上大下小”，槽口向下进行放置。并用钢销固定。将64付Φ48梁翼缘上连接螺栓、64个Φ48钢销、32付M32×80法兰螺栓和4个法兰定位销放置在8个螺栓箱内。同时将步行板和铁梯放置在梁节上，并进行捆绑。

起始状态: 隐藏		终止状态: 显示		移动节点: 1
1500	1	0	0	0	0	1	0	0	0	0	1	0	1.3	0	0	1
1000	1	0	0	0	0	1	0	0	0	0	1	0	0	0	0	1

配合:		0


3	1
下连接板-7
梁端放置连接板
没有标记
sound\标准梁节预拼3.mp3

将上下连接板按照面对梁端“右上左下”“上大下小”，槽口向下进行放置。并用钢销固定。将64付Φ48梁翼缘上连接螺栓、64个Φ48钢销、32付M32×80法兰螺栓和4个法兰定位销放置在8个螺栓箱内。同时将步行板和铁梯放置在梁节上，并进行捆绑。

起始状态: 隐藏		终止状态: 显示		移动节点: 1
1500	1	0	0	0	0	1	0	0	0	0	1	0	1.3	0	0	1
1000	1	0	0	0	0	1	0	0	0	0	1	0	0	0	0	1

配合:		1
没有标记
下连接板-7	0	15
标准梁节-1	0	178


3	1
上连接板-6
梁端放置连接板
没有标记
sound\标准梁节预拼3.mp3

将上下连接板按照面对梁端“右上左下”“上大下小”，槽口向下进行放置。并用钢销固定。将64付Φ48梁翼缘上连接螺栓、64个Φ48钢销、32付M32×80法兰螺栓和4个法兰定位销放置在8个螺栓箱内。同时将步行板和铁梯放置在梁节上，并进行捆绑。

起始状态: 隐藏		终止状态: 显示		移动节点: 1
1500	1	0	0	0	0	1	0	0	0	0	1	0	1.3	0	0	1
1000	1	0	0	0	0	1	0	0	0	0	1	0	0	0	0	1

配合:		0


3	1
下连接板-6
梁端放置连接板
没有标记
sound\标准梁节预拼3.mp3

将上下连接板按照面对梁端“右上左下”“上大下小”，槽口向下进行放置。并用钢销固定。将64付Φ48梁翼缘上连接螺栓、64个Φ48钢销、32付M32×80法兰螺栓和4个法兰定位销放置在8个螺栓箱内。同时将步行板和铁梯放置在梁节上，并进行捆绑。

起始状态: 隐藏		终止状态: 显示		移动节点: 1
1500	1	0	0	0	0	1	0	0	0	0	1	0	1.3	0	0	1
1000	1	0	0	0	0	1	0	0	0	0	1	0	0	0	0	1

配合:		0


3	1
上连接板-8
梁端放置连接板
没有标记
sound\标准梁节预拼3.mp3

将上下连接板按照面对梁端“右上左下”“上大下小”，槽口向下进行放置。并用钢销固定。将64付Φ48梁翼缘上连接螺栓、64个Φ48钢销、32付M32×80法兰螺栓和4个法兰定位销放置在8个螺栓箱内。同时将步行板和铁梯放置在梁节上，并进行捆绑。

起始状态: 隐藏		终止状态: 显示		移动节点: 1
1500	1	0	0	0	0	1	0	0	0	0	1	0	1.3	0	0	1
1000	1	0	0	0	0	1	0	0	0	0	1	0	0	0	0	1

配合:		0


3	2
钢销-3
梁端放置连接板
没有标记
sound\标准梁节预拼3.mp3

将上下连接板按照面对梁端“右上左下”“上大下小”，槽口向下进行放置。并用钢销固定。将64付Φ48梁翼缘上连接螺栓、64个Φ48钢销、32付M32×80法兰螺栓和4个法兰定位销放置在8个螺栓箱内。同时将步行板和铁梯放置在梁节上，并进行捆绑。

起始状态: 隐藏		终止状态: 显示		移动节点: 1
1500	1	0	0	0	0	1	0	0	0	0	1	0	-0.5	0	0	1
1000	1	0	0	0	0	1	0	0	0	0	1	0	0	0	0	1

配合:		0


3	2
钢销-4
梁端放置连接板
没有标记
sound\标准梁节预拼3.mp3

将上下连接板按照面对梁端“右上左下”“上大下小”，槽口向下进行放置。并用钢销固定。将64付Φ48梁翼缘上连接螺栓、64个Φ48钢销、32付M32×80法兰螺栓和4个法兰定位销放置在8个螺栓箱内。同时将步行板和铁梯放置在梁节上，并进行捆绑。

起始状态: 隐藏		终止状态: 显示		移动节点: 1
1500	1	0	0	0	0	1	0	0	0	0	1	0	-0.5	0	0	1
1000	1	0	0	0	0	1	0	0	0	0	1	0	0	0	0	1

配合:		0


3	2
钢销-9
梁端放置连接板
没有标记
sound\标准梁节预拼3.mp3

将上下连接板按照面对梁端“右上左下”“上大下小”，槽口向下进行放置。并用钢销固定。将64付Φ48梁翼缘上连接螺栓、64个Φ48钢销、32付M32×80法兰螺栓和4个法兰定位销放置在8个螺栓箱内。同时将步行板和铁梯放置在梁节上，并进行捆绑。

起始状态: 隐藏		终止状态: 显示		移动节点: 1
1500	1	0	0	0	0	1	0	0	0	0	1	0	-0.5	0	0	1
1000	1	0	0	0	0	1	0	0	0	0	1	0	0	0	0	1

配合:		1
没有标记
钢销-9	7	10
下连接板-7	0	17


3	2
钢销-10
梁端放置连接板
没有标记
sound\标准梁节预拼3.mp3

将上下连接板按照面对梁端“右上左下”“上大下小”，槽口向下进行放置。并用钢销固定。将64付Φ48梁翼缘上连接螺栓、64个Φ48钢销、32付M32×80法兰螺栓和4个法兰定位销放置在8个螺栓箱内。同时将步行板和铁梯放置在梁节上，并进行捆绑。

起始状态: 隐藏		终止状态: 显示		移动节点: 1
1500	1	0	0	0	0	1	0	0	0	0	1	0	-0.5	0	0	1
1000	1	0	0	0	0	1	0	0	0	0	1	0	0	0	0	1

配合:		0


3	2
钢销-7
梁端放置连接板
没有标记
sound\标准梁节预拼3.mp3

将上下连接板按照面对梁端“右上左下”“上大下小”，槽口向下进行放置。并用钢销固定。将64付Φ48梁翼缘上连接螺栓、64个Φ48钢销、32付M32×80法兰螺栓和4个法兰定位销放置在8个螺栓箱内。同时将步行板和铁梯放置在梁节上，并进行捆绑。

起始状态: 隐藏		终止状态: 显示		移动节点: 1
1500	1	0	0	0	0	1	0	0	0	0	1	0	-0.5	0	0	1
1000	1	0	0	0	0	1	0	0	0	0	1	0	0	0	0	1

配合:		0


3	2
钢销-5
梁端放置连接板
没有标记
sound\标准梁节预拼3.mp3

将上下连接板按照面对梁端“右上左下”“上大下小”，槽口向下进行放置。并用钢销固定。将64付Φ48梁翼缘上连接螺栓、64个Φ48钢销、32付M32×80法兰螺栓和4个法兰定位销放置在8个螺栓箱内。同时将步行板和铁梯放置在梁节上，并进行捆绑。

起始状态: 隐藏		终止状态: 显示		移动节点: 1
1500	1	0	0	0	0	1	0	0	0	0	1	0	-0.5	0	0	1
1000	1	0	0	0	0	1	0	0	0	0	1	0	0	0	0	1

配合:		0


3	2
钢销-8
梁端放置连接板
没有标记
sound\标准梁节预拼3.mp3

将上下连接板按照面对梁端“右上左下”“上大下小”，槽口向下进行放置。并用钢销固定。将64付Φ48梁翼缘上连接螺栓、64个Φ48钢销、32付M32×80法兰螺栓和4个法兰定位销放置在8个螺栓箱内。同时将步行板和铁梯放置在梁节上，并进行捆绑。

起始状态: 隐藏		终止状态: 显示		移动节点: 1
1500	1	0	0	0	0	1	0	0	0	0	1	0	-0.5	0	0	1
1000	1	0	0	0	0	1	0	0	0	0	1	0	0	0	0	1

配合:		0


3	2
钢销-6
梁端放置连接板
没有标记
sound\标准梁节预拼3.mp3

将上下连接板按照面对梁端“右上左下”“上大下小”，槽口向下进行放置。并用钢销固定。将64付Φ48梁翼缘上连接螺栓、64个Φ48钢销、32付M32×80法兰螺栓和4个法兰定位销放置在8个螺栓箱内。同时将步行板和铁梯放置在梁节上，并进行捆绑。

起始状态: 隐藏		终止状态: 显示		移动节点: 1
1500	1	0	0	0	0	1	0	0	0	0	1	0	-0.5	0	0	1
1000	1	0	0	0	0	1	0	0	0	0	1	0	0	0	0	1

配合:		0


3	3
下连接板-4
梁端放置连接板
没有标记
sound\标准梁节预拼3.mp3

将上下连接板按照面对梁端“右上左下”“上大下小”，槽口向下进行放置。并用钢销固定。将64付Φ48梁翼缘上连接螺栓、64个Φ48钢销、32付M32×80法兰螺栓和4个法兰定位销放置在8个螺栓箱内。同时将步行板和铁梯放置在梁节上，并进行捆绑。

起始状态: 隐藏		终止状态: 显示		移动节点: 1
1500	1	0	0	0	0	1	0	0	0	0	1	0	-1.3	0	0	1
1000	1	0	0	0	0	1	0	0	0	0	1	0	0	0	0	1

配合:		0


3	3
上连接板-3
梁端放置连接板
没有标记
sound\标准梁节预拼3.mp3

将上下连接板按照面对梁端“右上左下”“上大下小”，槽口向下进行放置。并用钢销固定。将64付Φ48梁翼缘上连接螺栓、64个Φ48钢销、32付M32×80法兰螺栓和4个法兰定位销放置在8个螺栓箱内。同时将步行板和铁梯放置在梁节上，并进行捆绑。

起始状态: 隐藏		终止状态: 显示		移动节点: 1
1500	1	0	0	0	0	1	0	0	0	0	1	0	-1.3	0	0	1
1000	1	0	0	0	0	1	0	0	0	0	1	0	0	0	0	1

配合:		0


3	3
下连接板-2
梁端放置连接板
没有标记
sound\标准梁节预拼3.mp3

将上下连接板按照面对梁端“右上左下”“上大下小”，槽口向下进行放置。并用钢销固定。将64付Φ48梁翼缘上连接螺栓、64个Φ48钢销、32付M32×80法兰螺栓和4个法兰定位销放置在8个螺栓箱内。同时将步行板和铁梯放置在梁节上，并进行捆绑。

起始状态: 隐藏		终止状态: 显示		移动节点: 1
1500	1	0	0	0	0	1	0	0	0	0	1	0	-1.3	0	0	1
1000	1	0	0	0	0	1	0	0	0	0	1	0	0	0	0	1

配合:		0


3	3
上连接板-1
梁端放置连接板
没有标记
sound\标准梁节预拼3.mp3

将上下连接板按照面对梁端“右上左下”“上大下小”，槽口向下进行放置。并用钢销固定。将64付Φ48梁翼缘上连接螺栓、64个Φ48钢销、32付M32×80法兰螺栓和4个法兰定位销放置在8个螺栓箱内。同时将步行板和铁梯放置在梁节上，并进行捆绑。

起始状态: 隐藏		终止状态: 显示		移动节点: 1
1500	1	0	0	0	0	1	0	0	0	0	1	0	-1.3	0	0	1
1000	1	0	0	0	0	1	0	0	0	0	1	0	0	0	0	1

配合:		0


3	3
上连接板-4
梁端放置连接板
没有标记
sound\标准梁节预拼3.mp3

将上下连接板按照面对梁端“右上左下”“上大下小”，槽口向下进行放置。并用钢销固定。将64付Φ48梁翼缘上连接螺栓、64个Φ48钢销、32付M32×80法兰螺栓和4个法兰定位销放置在8个螺栓箱内。同时将步行板和铁梯放置在梁节上，并进行捆绑。

起始状态: 隐藏		终止状态: 显示		移动节点: 1
1500	1	0	0	0	0	1	0	0	0	0	1	0	-1.3	0	0	1
1000	1	0	0	0	0	1	0	0	0	0	1	0	0	0	0	1

配合:		0


3	3
上连接板-2
梁端放置连接板
没有标记
sound\标准梁节预拼3.mp3

将上下连接板按照面对梁端“右上左下”“上大下小”，槽口向下进行放置。并用钢销固定。将64付Φ48梁翼缘上连接螺栓、64个Φ48钢销、32付M32×80法兰螺栓和4个法兰定位销放置在8个螺栓箱内。同时将步行板和铁梯放置在梁节上，并进行捆绑。

起始状态: 隐藏		终止状态: 显示		移动节点: 1
1500	1	0	0	0	0	1	0	0	0	0	1	0	-1.3	0	0	1
1000	1	0	0	0	0	1	0	0	0	0	1	0	0	0	0	1

配合:		1
没有标记
上连接板-2	0	21
标准梁节-1	0	187


3	3
下连接板-1
梁端放置连接板
没有标记
sound\标准梁节预拼3.mp3

将上下连接板按照面对梁端“右上左下”“上大下小”，槽口向下进行放置。并用钢销固定。将64付Φ48梁翼缘上连接螺栓、64个Φ48钢销、32付M32×80法兰螺栓和4个法兰定位销放置在8个螺栓箱内。同时将步行板和铁梯放置在梁节上，并进行捆绑。

起始状态: 隐藏		终止状态: 显示		移动节点: 1
1500	1	0	0	0	0	1	0	0	0	0	1	0	-1.3	0	0	1
1000	1	0	0	0	0	1	0	0	0	0	1	0	0	0	0	1

配合:		0


3	3
下连接板-3
梁端放置连接板
没有标记
sound\标准梁节预拼3.mp3

将上下连接板按照面对梁端“右上左下”“上大下小”，槽口向下进行放置。并用钢销固定。将64付Φ48梁翼缘上连接螺栓、64个Φ48钢销、32付M32×80法兰螺栓和4个法兰定位销放置在8个螺栓箱内。同时将步行板和铁梯放置在梁节上，并进行捆绑。

起始状态: 隐藏		终止状态: 显示		移动节点: 1
1500	1	0	0	0	0	1	0	0	0	0	1	0	-1.3	0	0	1
1000	1	0	0	0	0	1	0	0	0	0	1	0	0	0	0	1

配合:		0


3	4
钢销-12
梁端放置连接板
没有标记
sound\标准梁节预拼3.mp3

将上下连接板按照面对梁端“右上左下”“上大下小”，槽口向下进行放置。并用钢销固定。将64付Φ48梁翼缘上连接螺栓、64个Φ48钢销、32付M32×80法兰螺栓和4个法兰定位销放置在8个螺栓箱内。同时将步行板和铁梯放置在梁节上，并进行捆绑。

起始状态: 隐藏		终止状态: 显示		移动节点: 1
1000	1	0	0	0	0	1	0	0	0	0	1	0	-0.18	0	0	1
1000	1	0	0	0	0	1	0	0	0	0	1	0	0	0	0	1

配合:		0


3	4
钢销-16
梁端放置连接板
没有标记
sound\标准梁节预拼3.mp3

将上下连接板按照面对梁端“右上左下”“上大下小”，槽口向下进行放置。并用钢销固定。将64付Φ48梁翼缘上连接螺栓、64个Φ48钢销、32付M32×80法兰螺栓和4个法兰定位销放置在8个螺栓箱内。同时将步行板和铁梯放置在梁节上，并进行捆绑。

起始状态: 隐藏		终止状态: 显示		移动节点: 1
1000	1	0	0	0	0	1	0	0	0	0	1	0	-0.18	0	0	1
1000	1	0	0	0	0	1	0	0	0	0	1	0	0	0	0	1

配合:		0


3	4
钢销-13
梁端放置连接板
没有标记
sound\标准梁节预拼3.mp3

将上下连接板按照面对梁端“右上左下”“上大下小”，槽口向下进行放置。并用钢销固定。将64付Φ48梁翼缘上连接螺栓、64个Φ48钢销、32付M32×80法兰螺栓和4个法兰定位销放置在8个螺栓箱内。同时将步行板和铁梯放置在梁节上，并进行捆绑。

起始状态: 隐藏		终止状态: 显示		移动节点: 1
1000	1	0	0	0	0	1	0	0	0	0	1	0	-0.18	0	0	1
1000	1	0	0	0	0	1	0	0	0	0	1	0	0	0	0	1

配合:		0


3	4
钢销-11
梁端放置连接板
没有标记
sound\标准梁节预拼3.mp3

将上下连接板按照面对梁端“右上左下”“上大下小”，槽口向下进行放置。并用钢销固定。将64付Φ48梁翼缘上连接螺栓、64个Φ48钢销、32付M32×80法兰螺栓和4个法兰定位销放置在8个螺栓箱内。同时将步行板和铁梯放置在梁节上，并进行捆绑。

起始状态: 隐藏		终止状态: 显示		移动节点: 1
1000	1	0	0	0	0	1	0	0	0	0	1	0	-0.18	0	0	1
1000	1	0	0	0	0	1	0	0	0	0	1	0	0	0	0	1

配合:		0


3	4
钢销-1
梁端放置连接板
没有标记
sound\标准梁节预拼3.mp3

将上下连接板按照面对梁端“右上左下”“上大下小”，槽口向下进行放置。并用钢销固定。将64付Φ48梁翼缘上连接螺栓、64个Φ48钢销、32付M32×80法兰螺栓和4个法兰定位销放置在8个螺栓箱内。同时将步行板和铁梯放置在梁节上，并进行捆绑。

起始状态: 隐藏		终止状态: 显示		移动节点: 1
1000	1	0	0	0	0	1	0	0	0	0	1	0	-0.18	0	0	1
1000	1	0	0	0	0	1	0	0	0	0	1	0	0	0	0	1

配合:		0


3	4
钢销-2
梁端放置连接板
没有标记
sound\标准梁节预拼3.mp3

将上下连接板按照面对梁端“右上左下”“上大下小”，槽口向下进行放置。并用钢销固定。将64付Φ48梁翼缘上连接螺栓、64个Φ48钢销、32付M32×80法兰螺栓和4个法兰定位销放置在8个螺栓箱内。同时将步行板和铁梯放置在梁节上，并进行捆绑。

起始状态: 隐藏		终止状态: 显示		移动节点: 1
1000	1	0	0	0	0	1	0	0	0	0	1	0	-0.18	0	0	1
1000	1	0	0	0	0	1	0	0	0	0	1	0	0	0	0	1

配合:		0


3	4
钢销-14
梁端放置连接板
没有标记
sound\标准梁节预拼3.mp3

将上下连接板按照面对梁端“右上左下”“上大下小”，槽口向下进行放置。并用钢销固定。将64付Φ48梁翼缘上连接螺栓、64个Φ48钢销、32付M32×80法兰螺栓和4个法兰定位销放置在8个螺栓箱内。同时将步行板和铁梯放置在梁节上，并进行捆绑。

起始状态: 隐藏		终止状态: 显示		移动节点: 1
1000	1	0	0	0	0	1	0	0	0	0	1	0	-0.18	0	0	1
1000	1	0	0	0	0	1	0	0	0	0	1	0	0	0	0	1

配合:		1
没有标记
钢销-14	7	10
上连接板-2	0	21


3	4
钢销-15
梁端放置连接板
没有标记
sound\标准梁节预拼3.mp3

将上下连接板按照面对梁端“右上左下”“上大下小”，槽口向下进行放置。并用钢销固定。将64付Φ48梁翼缘上连接螺栓、64个Φ48钢销、32付M32×80法兰螺栓和4个法兰定位销放置在8个螺栓箱内。同时将步行板和铁梯放置在梁节上，并进行捆绑。

起始状态: 隐藏		终止状态: 显示		移动节点: 1
1000	1	0	0	0	0	1	0	0	0	0	1	0	-0.18	0	0	1
1000	1	0	0	0	0	1	0	0	0	0	1	0	0	0	0	1

配合:		0


4	1
吊兰-1
悬挂吊拦
没有标记
sound\标准梁节预拼4.mp3

待梁节起吊后，将两组吊拦分别安挂在梁节端部上翼缘槽钢上，供拼组门桥和门桥之间连接操作人员的脚手用。

起始状态: 隐藏		终止状态: 显示		移动节点: 1
1500	1	0	0	0	0	1	0	0	0	0	1	0	0	0	0.5	1
1500	1	0	0	0	0	1	0	0	0	0	1	0	0	0	0	1

配合:		0


4	1
吊兰-2
悬挂吊拦
没有标记
sound\标准梁节预拼4.mp3

待梁节起吊后，将两组吊拦分别安挂在梁节端部上翼缘槽钢上，供拼组门桥和门桥之间连接操作人员的脚手用。

起始状态: 隐藏		终止状态: 显示		移动节点: 1
1500	1	0	0	0	0	1	0	0	0	0	1	0	7.10543e-015	0	0.5	1
1500	1	0	0	0	0	1	0	0	0	0	1	0	0	0	0	1

配合:		0


4	1
吊拦-2
悬挂吊拦
没有标记
sound\标准梁节预拼4.mp3

待梁节起吊后，将两组吊拦分别安挂在梁节端部上翼缘槽钢上，供拼组门桥和门桥之间连接操作人员的脚手用。

起始状态: 隐藏		终止状态: 显示		移动节点: 1
1500	1	0	0	0	0	1	0	0	0	0	1	0	0	0	1	1
1500	1	0	0	0	0	1	0	0	0	0	1	0	0	0	0	1

配合:		1
没有标记
吊拦-2	0	129
标准梁节-1	0	370


4	1
吊拦-1
悬挂吊拦
没有标记
sound\标准梁节预拼4.mp3

待梁节起吊后，将两组吊拦分别安挂在梁节端部上翼缘槽钢上，供拼组门桥和门桥之间连接操作人员的脚手用。

起始状态: 隐藏		终止状态: 显示		移动节点: 1
1500	1	0	0	0	0	1	0	0	0	0	1	0	0	0	1	1
1500	1	0	0	0	0	1	0	0	0	0	1	0	0	0	0	1

配合:		0


