1	1
N17-1
平车装载标准梁节
没有标记
sound\平车装载标准梁节1.mp3

平板车就位，在车顶放置防滑草垫。

起始状态: 隐藏		终止状态: 显示		移动节点: 1
1500	1	0	0	0	0	1	0	0	0	0	1	0	0	0	0	1
1500	1	0	0	0	0	1	0	0	0	0	1	0	0	0	0	1

配合:		0


2	1
钢轨-2
标准梁节装车
没有标记
sound\平车装载标准梁节2.mp3

吊装标准梁节，就位于平板车上。

起始状态: 隐藏		终止状态: 显示		移动节点: 1
2000	1	0	0	0	0	1	0	0	0	0	1	0	0	3	0	1
2000	1	0	0	0	0	1	0	0	0	0	1	0	0	0	0	1

配合:		0


2	1
标准梁节-3
标准梁节装车
没有标记
sound\平车装载标准梁节2.mp3

吊装标准梁节，就位于平板车上。

起始状态: 隐藏		终止状态: 显示		移动节点: 1
2000	1	0	0	0	0	1	0	0	0	0	1	0	0	3	0	1
2000	1	0	0	0	0	1	0	0	0	0	1	0	0	0	0	1

配合:		0


2	1
钢轨-1
标准梁节装车
没有标记
sound\平车装载标准梁节2.mp3

吊装标准梁节，就位于平板车上。

起始状态: 隐藏		终止状态: 显示		移动节点: 1
2000	1	0	0	0	0	1	0	0	0	0	1	0	0	3	0	1
2000	1	0	0	0	0	1	0	0	0	0	1	0	0	0	0	1

配合:		0


3	1
绳1-2
钢丝绳捆绑
没有标记
sound\平车装载标准梁节3.mp3

捆法：2根8米长φ15钢丝绳横向捆两道；2根6米长φ15钢丝绳前后端交叉八字形捆绑各两道，前后端标准梁节无吊耳，用吊环系在标准梁节上端外侧的螺栓孔里，φ15钢丝绳从吊环中穿过或是绳扣挂到吊环上进行捆绑，棱角处垫胶皮。注意事项：火车上捆绑吊环必须焊死。其它与标准舟节相同。

起始状态: 隐藏		终止状态: 显示		移动节点: 1
1500	1	0	0	0	0	1	0	0	0	0	1	0	0	3	0	1
1500	1	0	0	0	0	1	0	0	0	0	1	0	0	0	0	1

配合:		0


3	1
绳1-1
钢丝绳捆绑
没有标记
sound\平车装载标准梁节3.mp3

捆法：2根8米长φ15钢丝绳横向捆两道；2根6米长φ15钢丝绳前后端交叉八字形捆绑各两道，前后端标准梁节无吊耳，用吊环系在标准梁节上端外侧的螺栓孔里，φ15钢丝绳从吊环中穿过或是绳扣挂到吊环上进行捆绑，棱角处垫胶皮。注意事项：火车上捆绑吊环必须焊死。其它与标准舟节相同。

起始状态: 隐藏		终止状态: 显示		移动节点: 1
1500	1	0	0	0	0	1	0	0	0	0	1	0	0	3	0	1
1500	1	0	0	0	0	1	0	0	0	0	1	0	0	0	0	1

配合:		0


4	1
绳2-2
钢丝绳捆绑
没有标记
sound\平车装载标准梁节4.mp3

捆法：2根8米长φ15钢丝绳横向捆两道；2根6米长φ15钢丝绳前后端交叉八字形捆绑各两道，前后端标准梁节无吊耳，用吊环系在标准梁节上端外侧的螺栓孔里，φ15钢丝绳从吊环中穿过或是绳扣挂到吊环上进行捆绑，棱角处垫胶皮。注意事项：火车上捆绑吊环必须焊死。其它与标准舟节相同。

起始状态: 隐藏		终止状态: 显示		移动节点: 1
1500	1	0	0	0	0	1	0	0	0	0	1	0	0	0	0	1
1500	1	0	0	0	0	1	0	0	0	0	1	0	0	0	0	1

配合:		0


4	1
绳2-1
钢丝绳捆绑
没有标记
sound\平车装载标准梁节4.mp3

捆法：2根8米长φ15钢丝绳横向捆两道；2根6米长φ15钢丝绳前后端交叉八字形捆绑各两道，前后端标准梁节无吊耳，用吊环系在标准梁节上端外侧的螺栓孔里，φ15钢丝绳从吊环中穿过或是绳扣挂到吊环上进行捆绑，棱角处垫胶皮。注意事项：火车上捆绑吊环必须焊死。其它与标准舟节相同。

起始状态: 隐藏		终止状态: 显示		移动节点: 1
1500	1	0	0	0	0	1	0	0	0	0	1	0	0	0	0	1
1500	1	0	0	0	0	1	0	0	0	0	1	0	0	0	0	1

配合:		0


4	1
绳2-4
钢丝绳捆绑
没有标记
sound\平车装载标准梁节4.mp3

捆法：2根8米长φ15钢丝绳横向捆两道；2根6米长φ15钢丝绳前后端交叉八字形捆绑各两道，前后端标准梁节无吊耳，用吊环系在标准梁节上端外侧的螺栓孔里，φ15钢丝绳从吊环中穿过或是绳扣挂到吊环上进行捆绑，棱角处垫胶皮。注意事项：火车上捆绑吊环必须焊死。其它与标准舟节相同。

起始状态: 隐藏		终止状态: 显示		移动节点: 1
1500	1	0	0	0	0	1	0	0	0	0	1	0	0	0	0	1
1500	1	0	0	0	0	1	0	0	0	0	1	0	0	0	0	1

配合:		0


4	1
绳2-3
钢丝绳捆绑
没有标记
sound\平车装载标准梁节4.mp3

捆法：2根8米长φ15钢丝绳横向捆两道；2根6米长φ15钢丝绳前后端交叉八字形捆绑各两道，前后端标准梁节无吊耳，用吊环系在标准梁节上端外侧的螺栓孔里，φ15钢丝绳从吊环中穿过或是绳扣挂到吊环上进行捆绑，棱角处垫胶皮。注意事项：火车上捆绑吊环必须焊死。其它与标准舟节相同。

起始状态: 隐藏		终止状态: 显示		移动节点: 1
1500	1	0	0	0	0	1	0	0	0	0	1	0	0	0	0	1
1500	1	0	0	0	0	1	0	0	0	0	1	0	0	0	0	1

配合:		0


