1	1
托架桁-1
安放第一组托架桁
没有标记
sound\大浮墩托架预拼1.mp3

在预拼场地上，人工将托架桁竖立好。

起始状态: 隐藏		终止状态: 显示		移动节点: 1
1000	1	0	0	0	0	1	0	0	0	0	1	0	0	2	0	1
1000	1	0	0	0	0	1	0	0	0	0	1	0	0	0	0	1

配合:		0


2	1
托架横联-3
安装两片托架横联
没有标记
sound\大浮墩托架预拼2.mp3

人工抬动托架横联，并与托架桁进行连接。横联通过M22×60的螺栓与托架桁立柱角钢连接。注意连接螺栓先连上，不紧固，为下一步梁部连接提供方便。

起始状态: 隐藏		终止状态: 显示		移动节点: 1
1500	1	0	0	0	0	1	0	0	0	0	1	0	1	0	0	1
1000	1	0	0	0	0	1	0	0	0	0	1	0	0	0	0	1

配合:		1
没有标记
托架横联-3	0	2
托架桁-1	3	0


2	1
托架横联-1
安装两片托架横联
没有标记
sound\大浮墩托架预拼2.mp3

人工抬动托架横联，并与托架桁进行连接。横联通过M22×60的螺栓与托架桁立柱角钢连接。注意连接螺栓先连上，不紧固，为下一步梁部连接提供方便。

起始状态: 隐藏		终止状态: 显示		移动节点: 1
1500	1	0	0	0	0	1	0	0	0	0	1	0	1	0	0	1
1000	1	0	0	0	0	1	0	0	0	0	1	0	0	0	0	1

配合:		1
没有标记
托架横联-1	0	4
托架桁-1	6	0


2	2
垫圈M22-122
安装两片托架横联
没有标记
sound\大浮墩托架预拼2.mp3

人工抬动托架横联，并与托架桁进行连接。横联通过M22×60的螺栓与托架桁立柱角钢连接。注意连接螺栓先连上，不紧固，为下一步梁部连接提供方便。

起始状态: 隐藏		终止状态: 显示		移动节点: 1
1000	1	0	0	0	0	1	0	0	0	0	1	0	-0.3	0	0	1
1000	1	0	0	0	0	1	0	0	0	0	1	0	0	0	0	1

配合:		0


2	2
M22x60-21
安装两片托架横联
没有标记
sound\大浮墩托架预拼2.mp3

人工抬动托架横联，并与托架桁进行连接。横联通过M22×60的螺栓与托架桁立柱角钢连接。注意连接螺栓先连上，不紧固，为下一步梁部连接提供方便。

起始状态: 隐藏		终止状态: 显示		移动节点: 1
1000	1	0	0	0	0	1	0	0	0	0	1	0	-0.3	0	0	1
1000	1	0	0	0	0	1	0	0	0	0	1	0	0	0	0	1

配合:		0


2	2
M22x60-7
安装两片托架横联
没有标记
sound\大浮墩托架预拼2.mp3

人工抬动托架横联，并与托架桁进行连接。横联通过M22×60的螺栓与托架桁立柱角钢连接。注意连接螺栓先连上，不紧固，为下一步梁部连接提供方便。

起始状态: 隐藏		终止状态: 显示		移动节点: 1
1000	1	0	0	0	0	1	0	0	0	0	1	0	-0.3	0	0	1
1000	1	0	0	0	0	1	0	0	0	0	1	0	0	0	0	1

配合:		0


2	2
M22螺母-223
安装两片托架横联
没有标记
sound\大浮墩托架预拼2.mp3

人工抬动托架横联，并与托架桁进行连接。横联通过M22×60的螺栓与托架桁立柱角钢连接。注意连接螺栓先连上，不紧固，为下一步梁部连接提供方便。

起始状态: 隐藏		终止状态: 显示		移动节点: 1
1000	1	0	0	0	0	1	0	0	0	0	1	0	0	0	0.3	1
1000	1	0	0	0	0	1	0	0	0	0	1	0	0	0	0	1

配合:		0


2	2
M22螺母-228
安装两片托架横联
没有标记
sound\大浮墩托架预拼2.mp3

人工抬动托架横联，并与托架桁进行连接。横联通过M22×60的螺栓与托架桁立柱角钢连接。注意连接螺栓先连上，不紧固，为下一步梁部连接提供方便。

起始状态: 隐藏		终止状态: 显示		移动节点: 1
1000	1	0	0	0	0	1	0	0	0	0	1	0	0	0	0.3	1
1000	1	0	0	0	0	1	0	0	0	0	1	0	0	0	0	1

配合:		0


2	2
垫圈M22-127
安装两片托架横联
没有标记
sound\大浮墩托架预拼2.mp3

人工抬动托架横联，并与托架桁进行连接。横联通过M22×60的螺栓与托架桁立柱角钢连接。注意连接螺栓先连上，不紧固，为下一步梁部连接提供方便。

起始状态: 隐藏		终止状态: 显示		移动节点: 1
1000	1	0	0	0	0	1	0	0	0	0	1	0	-0.3	0	0	1
1000	1	0	0	0	0	1	0	0	0	0	1	0	0	0	0	1

配合:		0


2	2
M22x60-24
安装两片托架横联
没有标记
sound\大浮墩托架预拼2.mp3

人工抬动托架横联，并与托架桁进行连接。横联通过M22×60的螺栓与托架桁立柱角钢连接。注意连接螺栓先连上，不紧固，为下一步梁部连接提供方便。

起始状态: 隐藏		终止状态: 显示		移动节点: 1
1000	1	0	0	0	0	1	0	0	0	0	1	0	-0.3	0	0	1
1000	1	0	0	0	0	1	0	0	0	0	1	0	0	0	0	1

配合:		0


2	2
M22x60-5
安装两片托架横联
没有标记
sound\大浮墩托架预拼2.mp3

人工抬动托架横联，并与托架桁进行连接。横联通过M22×60的螺栓与托架桁立柱角钢连接。注意连接螺栓先连上，不紧固，为下一步梁部连接提供方便。

起始状态: 隐藏		终止状态: 显示		移动节点: 1
1000	1	0	0	0	0	1	0	0	0	0	1	0	-0.3	0	0	1
1000	1	0	0	0	0	1	0	0	0	0	1	0	0	0	0	1

配合:		0


2	2
M22x60-20
安装两片托架横联
没有标记
sound\大浮墩托架预拼2.mp3

人工抬动托架横联，并与托架桁进行连接。横联通过M22×60的螺栓与托架桁立柱角钢连接。注意连接螺栓先连上，不紧固，为下一步梁部连接提供方便。

起始状态: 隐藏		终止状态: 显示		移动节点: 1
1000	1	0	0	0	0	1	0	0	0	0	1	0	-0.3	0	0	1
1000	1	0	0	0	0	1	0	0	0	0	1	0	0	0	0	1

配合:		0


2	2
M22螺母-227
安装两片托架横联
没有标记
sound\大浮墩托架预拼2.mp3

人工抬动托架横联，并与托架桁进行连接。横联通过M22×60的螺栓与托架桁立柱角钢连接。注意连接螺栓先连上，不紧固，为下一步梁部连接提供方便。

起始状态: 隐藏		终止状态: 显示		移动节点: 1
1000	1	0	0	0	0	1	0	0	0	0	1	0	0	0	0.3	1
1000	1	0	0	0	0	1	0	0	0	0	1	0	0	0	0	1

配合:		0


2	2
垫圈M22-131
安装两片托架横联
没有标记
sound\大浮墩托架预拼2.mp3

人工抬动托架横联，并与托架桁进行连接。横联通过M22×60的螺栓与托架桁立柱角钢连接。注意连接螺栓先连上，不紧固，为下一步梁部连接提供方便。

起始状态: 隐藏		终止状态: 显示		移动节点: 1
1000	1	0	0	0	0	1	0	0	0	0	1	0	-0.3	0	0	1
1000	1	0	0	0	0	1	0	0	0	0	1	0	0	0	0	1

配合:		0


2	2
垫圈M22-133
安装两片托架横联
没有标记
sound\大浮墩托架预拼2.mp3

人工抬动托架横联，并与托架桁进行连接。横联通过M22×60的螺栓与托架桁立柱角钢连接。注意连接螺栓先连上，不紧固，为下一步梁部连接提供方便。

起始状态: 隐藏		终止状态: 显示		移动节点: 1
1000	1	0	0	0	0	1	0	0	0	0	1	0	-0.3	0	0	1
1000	1	0	0	0	0	1	0	0	0	0	1	0	0	0	0	1

配合:		0


2	2
M22x60-16
安装两片托架横联
没有标记
sound\大浮墩托架预拼2.mp3

人工抬动托架横联，并与托架桁进行连接。横联通过M22×60的螺栓与托架桁立柱角钢连接。注意连接螺栓先连上，不紧固，为下一步梁部连接提供方便。

起始状态: 隐藏		终止状态: 显示		移动节点: 1
1000	1	0	0	0	0	1	0	0	0	0	1	0	-0.3	0	0	1
1000	1	0	0	0	0	1	0	0	0	0	1	0	0	0	0	1

配合:		0


2	2
垫圈M22-132
安装两片托架横联
没有标记
sound\大浮墩托架预拼2.mp3

人工抬动托架横联，并与托架桁进行连接。横联通过M22×60的螺栓与托架桁立柱角钢连接。注意连接螺栓先连上，不紧固，为下一步梁部连接提供方便。

起始状态: 隐藏		终止状态: 显示		移动节点: 1
1000	1	0	0	0	0	1	0	0	0	0	1	0	-0.3	0	0	1
1000	1	0	0	0	0	1	0	0	0	0	1	0	0	0	0	1

配合:		0


2	2
垫圈M22-128
安装两片托架横联
没有标记
sound\大浮墩托架预拼2.mp3

人工抬动托架横联，并与托架桁进行连接。横联通过M22×60的螺栓与托架桁立柱角钢连接。注意连接螺栓先连上，不紧固，为下一步梁部连接提供方便。

起始状态: 隐藏		终止状态: 显示		移动节点: 1
1000	1	0	0	0	0	1	0	0	0	0	1	0	-0.3	0	0	1
1000	1	0	0	0	0	1	0	0	0	0	1	0	0	0	0	1

配合:		0


2	2
M22螺母-229
安装两片托架横联
没有标记
sound\大浮墩托架预拼2.mp3

人工抬动托架横联，并与托架桁进行连接。横联通过M22×60的螺栓与托架桁立柱角钢连接。注意连接螺栓先连上，不紧固，为下一步梁部连接提供方便。

起始状态: 隐藏		终止状态: 显示		移动节点: 1
1000	1	0	0	0	0	1	0	0	0	0	1	0	0	0	0.3	1
1000	1	0	0	0	0	1	0	0	0	0	1	0	0	0	0	1

配合:		0


2	2
M22螺母-222
安装两片托架横联
没有标记
sound\大浮墩托架预拼2.mp3

人工抬动托架横联，并与托架桁进行连接。横联通过M22×60的螺栓与托架桁立柱角钢连接。注意连接螺栓先连上，不紧固，为下一步梁部连接提供方便。

起始状态: 隐藏		终止状态: 显示		移动节点: 1
1000	1	0	0	0	0	1	0	0	0	0	1	0	0	0	0.3	1
1000	1	0	0	0	0	1	0	0	0	0	1	0	0	0	0	1

配合:		0


2	2
M22螺母-230
安装两片托架横联
没有标记
sound\大浮墩托架预拼2.mp3

人工抬动托架横联，并与托架桁进行连接。横联通过M22×60的螺栓与托架桁立柱角钢连接。注意连接螺栓先连上，不紧固，为下一步梁部连接提供方便。

起始状态: 隐藏		终止状态: 显示		移动节点: 1
1000	1	0	0	0	0	1	0	0	0	0	1	0	0	0	0.3	1
1000	1	0	0	0	0	1	0	0	0	0	1	0	0	0	0	1

配合:		0


2	2
M22螺母-224
安装两片托架横联
没有标记
sound\大浮墩托架预拼2.mp3

人工抬动托架横联，并与托架桁进行连接。横联通过M22×60的螺栓与托架桁立柱角钢连接。注意连接螺栓先连上，不紧固，为下一步梁部连接提供方便。

起始状态: 隐藏		终止状态: 显示		移动节点: 1
1000	1	0	0	0	0	1	0	0	0	0	1	0	0	0	0.3	1
1000	1	0	0	0	0	1	0	0	0	0	1	0	0	0	0	1

配合:		0


2	2
M22螺母-226
安装两片托架横联
没有标记
sound\大浮墩托架预拼2.mp3

人工抬动托架横联，并与托架桁进行连接。横联通过M22×60的螺栓与托架桁立柱角钢连接。注意连接螺栓先连上，不紧固，为下一步梁部连接提供方便。

起始状态: 隐藏		终止状态: 显示		移动节点: 1
1000	1	0	0	0	0	1	0	0	0	0	1	0	0	0	0.3	1
1000	1	0	0	0	0	1	0	0	0	0	1	0	0	0	0	1

配合:		0


2	2
垫圈M22-124
安装两片托架横联
没有标记
sound\大浮墩托架预拼2.mp3

人工抬动托架横联，并与托架桁进行连接。横联通过M22×60的螺栓与托架桁立柱角钢连接。注意连接螺栓先连上，不紧固，为下一步梁部连接提供方便。

起始状态: 隐藏		终止状态: 显示		移动节点: 1
1000	1	0	0	0	0	1	0	0	0	0	1	0	-0.3	0	0	1
1000	1	0	0	0	0	1	0	0	0	0	1	0	0	0	0	1

配合:		0


2	2
M22螺母-233
安装两片托架横联
没有标记
sound\大浮墩托架预拼2.mp3

人工抬动托架横联，并与托架桁进行连接。横联通过M22×60的螺栓与托架桁立柱角钢连接。注意连接螺栓先连上，不紧固，为下一步梁部连接提供方便。

起始状态: 隐藏		终止状态: 显示		移动节点: 1
1000	1	0	0	0	0	1	0	0	0	0	1	0	0	0	0.3	1
1000	1	0	0	0	0	1	0	0	0	0	1	0	0	0	0	1

配合:		0


2	2
M22x60-6
安装两片托架横联
没有标记
sound\大浮墩托架预拼2.mp3

人工抬动托架横联，并与托架桁进行连接。横联通过M22×60的螺栓与托架桁立柱角钢连接。注意连接螺栓先连上，不紧固，为下一步梁部连接提供方便。

起始状态: 隐藏		终止状态: 显示		移动节点: 1
1000	1	0	0	0	0	1	0	0	0	0	1	0	-0.3	0	0	1
1000	1	0	0	0	0	1	0	0	0	0	1	0	0	0	0	1

配合:		0


2	2
M22螺母-232
安装两片托架横联
没有标记
sound\大浮墩托架预拼2.mp3

人工抬动托架横联，并与托架桁进行连接。横联通过M22×60的螺栓与托架桁立柱角钢连接。注意连接螺栓先连上，不紧固，为下一步梁部连接提供方便。

起始状态: 隐藏		终止状态: 显示		移动节点: 1
1000	1	0	0	0	0	1	0	0	0	0	1	0	0	0	0.3	1
1000	1	0	0	0	0	1	0	0	0	0	1	0	0	0	0	1

配合:		0


2	2
垫圈M22-129
安装两片托架横联
没有标记
sound\大浮墩托架预拼2.mp3

人工抬动托架横联，并与托架桁进行连接。横联通过M22×60的螺栓与托架桁立柱角钢连接。注意连接螺栓先连上，不紧固，为下一步梁部连接提供方便。

起始状态: 隐藏		终止状态: 显示		移动节点: 1
1000	1	0	0	0	0	1	0	0	0	0	1	0	-0.3	0	0	1
1000	1	0	0	0	0	1	0	0	0	0	1	0	0	0	0	1

配合:		0


2	2
M22x60-17
安装两片托架横联
没有标记
sound\大浮墩托架预拼2.mp3

人工抬动托架横联，并与托架桁进行连接。横联通过M22×60的螺栓与托架桁立柱角钢连接。注意连接螺栓先连上，不紧固，为下一步梁部连接提供方便。

起始状态: 隐藏		终止状态: 显示		移动节点: 1
1000	1	0	0	0	0	1	0	0	0	0	1	0	-0.3	0	0	1
1000	1	0	0	0	0	1	0	0	0	0	1	0	0	0	0	1

配合:		0


2	2
M22x60-2
安装两片托架横联
没有标记
sound\大浮墩托架预拼2.mp3

人工抬动托架横联，并与托架桁进行连接。横联通过M22×60的螺栓与托架桁立柱角钢连接。注意连接螺栓先连上，不紧固，为下一步梁部连接提供方便。

起始状态: 隐藏		终止状态: 显示		移动节点: 1
1000	1	0	0	0	0	1	0	0	0	0	1	0	-0.3	0	0	1
1000	1	0	0	0	0	1	0	0	0	0	1	0	0	0	0	1

配合:		0


2	2
M22x60-4
安装两片托架横联
没有标记
sound\大浮墩托架预拼2.mp3

人工抬动托架横联，并与托架桁进行连接。横联通过M22×60的螺栓与托架桁立柱角钢连接。注意连接螺栓先连上，不紧固，为下一步梁部连接提供方便。

起始状态: 隐藏		终止状态: 显示		移动节点: 1
1000	1	0	0	0	0	1	0	0	0	0	1	0	-0.3	0	0	1
1000	1	0	0	0	0	1	0	0	0	0	1	0	0	0	0	1

配合:		0


2	2
垫圈M22-130
安装两片托架横联
没有标记
sound\大浮墩托架预拼2.mp3

人工抬动托架横联，并与托架桁进行连接。横联通过M22×60的螺栓与托架桁立柱角钢连接。注意连接螺栓先连上，不紧固，为下一步梁部连接提供方便。

起始状态: 隐藏		终止状态: 显示		移动节点: 1
1000	1	0	0	0	0	1	0	0	0	0	1	0	-0.3	0	0	1
1000	1	0	0	0	0	1	0	0	0	0	1	0	0	0	0	1

配合:		0


2	2
M22x60-3
安装两片托架横联
没有标记
sound\大浮墩托架预拼2.mp3

人工抬动托架横联，并与托架桁进行连接。横联通过M22×60的螺栓与托架桁立柱角钢连接。注意连接螺栓先连上，不紧固，为下一步梁部连接提供方便。

起始状态: 隐藏		终止状态: 显示		移动节点: 1
1000	1	0	0	0	0	1	0	0	0	0	1	0	-0.3	0	0	1
1000	1	0	0	0	0	1	0	0	0	0	1	0	0	0	0	1

配合:		0


2	2
M22x60-15
安装两片托架横联
没有标记
sound\大浮墩托架预拼2.mp3

人工抬动托架横联，并与托架桁进行连接。横联通过M22×60的螺栓与托架桁立柱角钢连接。注意连接螺栓先连上，不紧固，为下一步梁部连接提供方便。

起始状态: 隐藏		终止状态: 显示		移动节点: 1
1000	1	0	0	0	0	1	0	0	0	0	1	0	-0.3	0	0	1
1000	1	0	0	0	0	1	0	0	0	0	1	0	0	0	0	1

配合:		0


2	2
垫圈M22-126
安装两片托架横联
没有标记
sound\大浮墩托架预拼2.mp3

人工抬动托架横联，并与托架桁进行连接。横联通过M22×60的螺栓与托架桁立柱角钢连接。注意连接螺栓先连上，不紧固，为下一步梁部连接提供方便。

起始状态: 隐藏		终止状态: 显示		移动节点: 1
1000	1	0	0	0	0	1	0	0	0	0	1	0	-0.3	0	0	1
1000	1	0	0	0	0	1	0	0	0	0	1	0	0	0	0	1

配合:		0


2	2
M22螺母-225
安装两片托架横联
没有标记
sound\大浮墩托架预拼2.mp3

人工抬动托架横联，并与托架桁进行连接。横联通过M22×60的螺栓与托架桁立柱角钢连接。注意连接螺栓先连上，不紧固，为下一步梁部连接提供方便。

起始状态: 隐藏		终止状态: 显示		移动节点: 1
1000	1	0	0	0	0	1	0	0	0	0	1	0	0	0	0.3	1
1000	1	0	0	0	0	1	0	0	0	0	1	0	0	0	0	1

配合:		0


2	2
垫圈M22-123
安装两片托架横联
没有标记
sound\大浮墩托架预拼2.mp3

人工抬动托架横联，并与托架桁进行连接。横联通过M22×60的螺栓与托架桁立柱角钢连接。注意连接螺栓先连上，不紧固，为下一步梁部连接提供方便。

起始状态: 隐藏		终止状态: 显示		移动节点: 1
1000	1	0	0	0	0	1	0	0	0	0	1	0	-0.3	0	0	1
1000	1	0	0	0	0	1	0	0	0	0	1	0	0	0	0	1

配合:		0


2	2
M22螺母-231
安装两片托架横联
没有标记
sound\大浮墩托架预拼2.mp3

人工抬动托架横联，并与托架桁进行连接。横联通过M22×60的螺栓与托架桁立柱角钢连接。注意连接螺栓先连上，不紧固，为下一步梁部连接提供方便。

起始状态: 隐藏		终止状态: 显示		移动节点: 1
1000	1	0	0	0	0	1	0	0	0	0	1	0	0	0	0.3	1
1000	1	0	0	0	0	1	0	0	0	0	1	0	0	0	0	1

配合:		0


2	2
垫圈M22-125
安装两片托架横联
没有标记
sound\大浮墩托架预拼2.mp3

人工抬动托架横联，并与托架桁进行连接。横联通过M22×60的螺栓与托架桁立柱角钢连接。注意连接螺栓先连上，不紧固，为下一步梁部连接提供方便。

起始状态: 隐藏		终止状态: 显示		移动节点: 1
1000	1	0	0	0	0	1	0	0	0	0	1	0	-0.3	0	0	1
1000	1	0	0	0	0	1	0	0	0	0	1	0	0	0	0	1

配合:		0


3	1
托架桁-2
安装第二组托架桁
没有标记
sound\大浮墩托架预拼3.mp3

在预拼场地上，人工将第二组托架桁竖立好，与托架横联相连。横联通过M22×60的螺栓与托架桁立柱角钢连接。

起始状态: 隐藏		终止状态: 显示		移动节点: 1
1000	1	0	0	0	0	1	0	0	0	0	1	0	0	0	-0.5	1
1000	1	0	0	0	0	1	0	0	0	0	1	0	0	0	0	1

配合:		2
没有标记
托架桁-2	6	0
托架横联-3	3	0
没有标记
托架桁-2	3	0
托架横联-1	2	0


3	2
M22螺母-242
没有标记
没有标记
sound\大浮墩托架预拼3.mp3

在预拼场地上，人工将第二组托架桁竖立好，与托架横联相连。横联通过M22×60的螺栓与托架桁立柱角钢连接。

起始状态: 隐藏		终止状态: 显示		移动节点: 1
1000	1	0	0	0	0	1	0	0	0	0	1	0	0	0	0.3	1
1000	1	0	0	0	0	1	0	0	0	0	1	0	0	0	0	1

配合:		0


3	2
垫圈M22-139
没有标记
没有标记
sound\大浮墩托架预拼3.mp3

在预拼场地上，人工将第二组托架桁竖立好，与托架横联相连。横联通过M22×60的螺栓与托架桁立柱角钢连接。

起始状态: 隐藏		终止状态: 显示		移动节点: 1
1000	1	0	0	0	0	1	0	0	0	0	1	0	-0.3	0	0	1
1000	1	0	0	0	0	1	0	0	0	0	1	0	0	0	0	1

配合:		0


3	2
M22螺母-238
没有标记
没有标记
sound\大浮墩托架预拼3.mp3

在预拼场地上，人工将第二组托架桁竖立好，与托架横联相连。横联通过M22×60的螺栓与托架桁立柱角钢连接。

起始状态: 隐藏		终止状态: 显示		移动节点: 1
1000	1	0	0	0	0	1	0	0	0	0	1	0	0	0	0.3	1
1000	1	0	0	0	0	1	0	0	0	0	1	0	0	0	0	1

配合:		0


3	2
M22x60-11
没有标记
没有标记
sound\大浮墩托架预拼3.mp3

在预拼场地上，人工将第二组托架桁竖立好，与托架横联相连。横联通过M22×60的螺栓与托架桁立柱角钢连接。

起始状态: 隐藏		终止状态: 显示		移动节点: 1
1000	1	0	0	0	0	1	0	0	0	0	1	0	-0.3	0	0	1
1000	1	0	0	0	0	1	0	0	0	0	1	0	0	0	0	1

配合:		0


3	2
垫圈M22-143
没有标记
没有标记
sound\大浮墩托架预拼3.mp3

在预拼场地上，人工将第二组托架桁竖立好，与托架横联相连。横联通过M22×60的螺栓与托架桁立柱角钢连接。

起始状态: 隐藏		终止状态: 显示		移动节点: 1
1000	1	0	0	0	0	1	0	0	0	0	1	0	-0.3	0	0	1
1000	1	0	0	0	0	1	0	0	0	0	1	0	0	0	0	1

配合:		0


3	2
垫圈M22-142
没有标记
没有标记
sound\大浮墩托架预拼3.mp3

在预拼场地上，人工将第二组托架桁竖立好，与托架横联相连。横联通过M22×60的螺栓与托架桁立柱角钢连接。

起始状态: 隐藏		终止状态: 显示		移动节点: 1
1000	1	0	0	0	0	1	0	0	0	0	1	0	-0.3	0	0	1
1000	1	0	0	0	0	1	0	0	0	0	1	0	0	0	0	1

配合:		0


3	2
M22螺母-239
没有标记
没有标记
sound\大浮墩托架预拼3.mp3

在预拼场地上，人工将第二组托架桁竖立好，与托架横联相连。横联通过M22×60的螺栓与托架桁立柱角钢连接。

起始状态: 隐藏		终止状态: 显示		移动节点: 1
1000	1	0	0	0	0	1	0	0	0	0	1	0	0	0	0.3	1
1000	1	0	0	0	0	1	0	0	0	0	1	0	0	0	0	1

配合:		0


3	2
M22螺母-236
没有标记
没有标记
sound\大浮墩托架预拼3.mp3

在预拼场地上，人工将第二组托架桁竖立好，与托架横联相连。横联通过M22×60的螺栓与托架桁立柱角钢连接。

起始状态: 隐藏		终止状态: 显示		移动节点: 1
1000	1	0	0	0	0	1	0	0	0	0	1	0	0	0	0.3	1
1000	1	0	0	0	0	1	0	0	0	0	1	0	0	0	0	1

配合:		0


3	2
M22螺母-234
没有标记
没有标记
sound\大浮墩托架预拼3.mp3

在预拼场地上，人工将第二组托架桁竖立好，与托架横联相连。横联通过M22×60的螺栓与托架桁立柱角钢连接。

起始状态: 隐藏		终止状态: 显示		移动节点: 1
1000	1	0	0	0	0	1	0	0	0	0	1	0	0	0	0.3	1
1000	1	0	0	0	0	1	0	0	0	0	1	0	0	0	0	1

配合:		0


3	2
M22x60-22
没有标记
没有标记
sound\大浮墩托架预拼3.mp3

在预拼场地上，人工将第二组托架桁竖立好，与托架横联相连。横联通过M22×60的螺栓与托架桁立柱角钢连接。

起始状态: 隐藏		终止状态: 显示		移动节点: 1
1000	1	0	0	0	0	1	0	0	0	0	1	0	-0.3	0	0	1
1000	1	0	0	0	0	1	0	0	0	0	1	0	0	0	0	1

配合:		0


3	2
M22x60-8
没有标记
没有标记
sound\大浮墩托架预拼3.mp3

在预拼场地上，人工将第二组托架桁竖立好，与托架横联相连。横联通过M22×60的螺栓与托架桁立柱角钢连接。

起始状态: 隐藏		终止状态: 显示		移动节点: 1
1000	1	0	0	0	0	1	0	0	0	0	1	0	-0.3	0	0	1
1000	1	0	0	0	0	1	0	0	0	0	1	0	0	0	0	1

配合:		0


3	2
垫圈M22-136
没有标记
没有标记
sound\大浮墩托架预拼3.mp3

在预拼场地上，人工将第二组托架桁竖立好，与托架横联相连。横联通过M22×60的螺栓与托架桁立柱角钢连接。

起始状态: 隐藏		终止状态: 显示		移动节点: 1
1000	1	0	0	0	0	1	0	0	0	0	1	0	-0.3	0	0	1
1000	1	0	0	0	0	1	0	0	0	0	1	0	0	0	0	1

配合:		0


3	2
垫圈M22-134
没有标记
没有标记
sound\大浮墩托架预拼3.mp3

在预拼场地上，人工将第二组托架桁竖立好，与托架横联相连。横联通过M22×60的螺栓与托架桁立柱角钢连接。

起始状态: 隐藏		终止状态: 显示		移动节点: 1
1000	1	0	0	0	0	1	0	0	0	0	1	0	-0.3	0	0	1
1000	1	0	0	0	0	1	0	0	0	0	1	0	0	0	0	1

配合:		0


3	2
M22x60-18
没有标记
没有标记
sound\大浮墩托架预拼3.mp3

在预拼场地上，人工将第二组托架桁竖立好，与托架横联相连。横联通过M22×60的螺栓与托架桁立柱角钢连接。

起始状态: 隐藏		终止状态: 显示		移动节点: 1
1000	1	0	0	0	0	1	0	0	0	0	1	0	-0.3	0	0	1
1000	1	0	0	0	0	1	0	0	0	0	1	0	0	0	0	1

配合:		0


3	2
M22螺母-243
没有标记
没有标记
sound\大浮墩托架预拼3.mp3

在预拼场地上，人工将第二组托架桁竖立好，与托架横联相连。横联通过M22×60的螺栓与托架桁立柱角钢连接。

起始状态: 隐藏		终止状态: 显示		移动节点: 1
1000	1	0	0	0	0	1	0	0	0	0	1	0	0	0	0.3	1
1000	1	0	0	0	0	1	0	0	0	0	1	0	0	0	0	1

配合:		0


3	2
M22螺母-240
没有标记
没有标记
sound\大浮墩托架预拼3.mp3

在预拼场地上，人工将第二组托架桁竖立好，与托架横联相连。横联通过M22×60的螺栓与托架桁立柱角钢连接。

起始状态: 隐藏		终止状态: 显示		移动节点: 1
1000	1	0	0	0	0	1	0	0	0	0	1	0	0	0	0.3	1
1000	1	0	0	0	0	1	0	0	0	0	1	0	0	0	0	1

配合:		0


3	2
M22螺母-235
没有标记
没有标记
sound\大浮墩托架预拼3.mp3

在预拼场地上，人工将第二组托架桁竖立好，与托架横联相连。横联通过M22×60的螺栓与托架桁立柱角钢连接。

起始状态: 隐藏		终止状态: 显示		移动节点: 1
1000	1	0	0	0	0	1	0	0	0	0	1	0	0	0	0.3	1
1000	1	0	0	0	0	1	0	0	0	0	1	0	0	0	0	1

配合:		0


3	2
M22螺母-237
没有标记
没有标记
sound\大浮墩托架预拼3.mp3

在预拼场地上，人工将第二组托架桁竖立好，与托架横联相连。横联通过M22×60的螺栓与托架桁立柱角钢连接。

起始状态: 隐藏		终止状态: 显示		移动节点: 1
1000	1	0	0	0	0	1	0	0	0	0	1	0	0	0	0.3	1
1000	1	0	0	0	0	1	0	0	0	0	1	0	0	0	0	1

配合:		0


3	2
M22x60-9
没有标记
没有标记
sound\大浮墩托架预拼3.mp3

在预拼场地上，人工将第二组托架桁竖立好，与托架横联相连。横联通过M22×60的螺栓与托架桁立柱角钢连接。

起始状态: 隐藏		终止状态: 显示		移动节点: 1
1000	1	0	0	0	0	1	0	0	0	0	1	0	-0.3	0	0	1
1000	1	0	0	0	0	1	0	0	0	0	1	0	0	0	0	1

配合:		0


3	2
垫圈M22-140
没有标记
没有标记
sound\大浮墩托架预拼3.mp3

在预拼场地上，人工将第二组托架桁竖立好，与托架横联相连。横联通过M22×60的螺栓与托架桁立柱角钢连接。

起始状态: 隐藏		终止状态: 显示		移动节点: 1
1000	1	0	0	0	0	1	0	0	0	0	1	0	-0.3	0	0	1
1000	1	0	0	0	0	1	0	0	0	0	1	0	0	0	0	1

配合:		0


3	2
M22x60-26
没有标记
没有标记
sound\大浮墩托架预拼3.mp3

在预拼场地上，人工将第二组托架桁竖立好，与托架横联相连。横联通过M22×60的螺栓与托架桁立柱角钢连接。

起始状态: 隐藏		终止状态: 显示		移动节点: 1
1000	1	0	0	0	0	1	0	0	0	0	1	0	-0.3	0	0	1
1000	1	0	0	0	0	1	0	0	0	0	1	0	0	0	0	1

配合:		0


3	2
垫圈M22-135
没有标记
没有标记
sound\大浮墩托架预拼3.mp3

在预拼场地上，人工将第二组托架桁竖立好，与托架横联相连。横联通过M22×60的螺栓与托架桁立柱角钢连接。

起始状态: 隐藏		终止状态: 显示		移动节点: 1
1000	1	0	0	0	0	1	0	0	0	0	1	0	-0.3	0	0	1
1000	1	0	0	0	0	1	0	0	0	0	1	0	0	0	0	1

配合:		0


3	2
垫圈M22-141
没有标记
没有标记
sound\大浮墩托架预拼3.mp3

在预拼场地上，人工将第二组托架桁竖立好，与托架横联相连。横联通过M22×60的螺栓与托架桁立柱角钢连接。

起始状态: 隐藏		终止状态: 显示		移动节点: 1
1000	1	0	0	0	0	1	0	0	0	0	1	0	-0.3	0	0	1
1000	1	0	0	0	0	1	0	0	0	0	1	0	0	0	0	1

配合:		0


3	2
M22x60-25
没有标记
没有标记
sound\大浮墩托架预拼3.mp3

在预拼场地上，人工将第二组托架桁竖立好，与托架横联相连。横联通过M22×60的螺栓与托架桁立柱角钢连接。

起始状态: 隐藏		终止状态: 显示		移动节点: 1
1000	1	0	0	0	0	1	0	0	0	0	1	0	-0.3	0	0	1
1000	1	0	0	0	0	1	0	0	0	0	1	0	0	0	0	1

配合:		0


3	2
M22x60-12
没有标记
没有标记
sound\大浮墩托架预拼3.mp3

在预拼场地上，人工将第二组托架桁竖立好，与托架横联相连。横联通过M22×60的螺栓与托架桁立柱角钢连接。

起始状态: 隐藏		终止状态: 显示		移动节点: 1
1000	1	0	0	0	0	1	0	0	0	0	1	0	-0.3	0	0	1
1000	1	0	0	0	0	1	0	0	0	0	1	0	0	0	0	1

配合:		0


3	2
M22螺母-241
没有标记
没有标记
sound\大浮墩托架预拼3.mp3

在预拼场地上，人工将第二组托架桁竖立好，与托架横联相连。横联通过M22×60的螺栓与托架桁立柱角钢连接。

起始状态: 隐藏		终止状态: 显示		移动节点: 1
1000	1	0	0	0	0	1	0	0	0	0	1	0	0	0	0.3	1
1000	1	0	0	0	0	1	0	0	0	0	1	0	0	0	0	1

配合:		0


3	2
M22螺母-245
没有标记
没有标记
sound\大浮墩托架预拼3.mp3

在预拼场地上，人工将第二组托架桁竖立好，与托架横联相连。横联通过M22×60的螺栓与托架桁立柱角钢连接。

起始状态: 隐藏		终止状态: 显示		移动节点: 1
1000	1	0	0	0	0	1	0	0	0	0	1	0	0	0	0.3	1
1000	1	0	0	0	0	1	0	0	0	0	1	0	0	0	0	1

配合:		0


3	2
M22螺母-244
没有标记
没有标记
sound\大浮墩托架预拼3.mp3

在预拼场地上，人工将第二组托架桁竖立好，与托架横联相连。横联通过M22×60的螺栓与托架桁立柱角钢连接。

起始状态: 隐藏		终止状态: 显示		移动节点: 1
1000	1	0	0	0	0	1	0	0	0	0	1	0	0	0	0.3	1
1000	1	0	0	0	0	1	0	0	0	0	1	0	0	0	0	1

配合:		0


3	2
M22x60-13
没有标记
没有标记
sound\大浮墩托架预拼3.mp3

在预拼场地上，人工将第二组托架桁竖立好，与托架横联相连。横联通过M22×60的螺栓与托架桁立柱角钢连接。

起始状态: 隐藏		终止状态: 显示		移动节点: 1
1000	1	0	0	0	0	1	0	0	0	0	1	0	-0.3	0	0	1
1000	1	0	0	0	0	1	0	0	0	0	1	0	0	0	0	1

配合:		0


3	2
垫圈M22-144
没有标记
没有标记
sound\大浮墩托架预拼3.mp3

在预拼场地上，人工将第二组托架桁竖立好，与托架横联相连。横联通过M22×60的螺栓与托架桁立柱角钢连接。

起始状态: 隐藏		终止状态: 显示		移动节点: 1
1000	1	0	0	0	0	1	0	0	0	0	1	0	-0.3	0	0	1
1000	1	0	0	0	0	1	0	0	0	0	1	0	0	0	0	1

配合:		0


3	2
M22x60-10
没有标记
没有标记
sound\大浮墩托架预拼3.mp3

在预拼场地上，人工将第二组托架桁竖立好，与托架横联相连。横联通过M22×60的螺栓与托架桁立柱角钢连接。

起始状态: 隐藏		终止状态: 显示		移动节点: 1
1000	1	0	0	0	0	1	0	0	0	0	1	0	-0.3	0	0	1
1000	1	0	0	0	0	1	0	0	0	0	1	0	0	0	0	1

配合:		0


3	2
M22x60-23
没有标记
没有标记
sound\大浮墩托架预拼3.mp3

在预拼场地上，人工将第二组托架桁竖立好，与托架横联相连。横联通过M22×60的螺栓与托架桁立柱角钢连接。

起始状态: 隐藏		终止状态: 显示		移动节点: 1
1000	1	0	0	0	0	1	0	0	0	0	1	0	-0.3	0	0	1
1000	1	0	0	0	0	1	0	0	0	0	1	0	0	0	0	1

配合:		0


3	2
垫圈M22-137
没有标记
没有标记
sound\大浮墩托架预拼3.mp3

在预拼场地上，人工将第二组托架桁竖立好，与托架横联相连。横联通过M22×60的螺栓与托架桁立柱角钢连接。

起始状态: 隐藏		终止状态: 显示		移动节点: 1
1000	1	0	0	0	0	1	0	0	0	0	1	0	-0.3	0	0	1
1000	1	0	0	0	0	1	0	0	0	0	1	0	0	0	0	1

配合:		0


3	2
M22x60-19
没有标记
没有标记
sound\大浮墩托架预拼3.mp3

在预拼场地上，人工将第二组托架桁竖立好，与托架横联相连。横联通过M22×60的螺栓与托架桁立柱角钢连接。

起始状态: 隐藏		终止状态: 显示		移动节点: 1
1000	1	0	0	0	0	1	0	0	0	0	1	0	-0.3	0	0	1
1000	1	0	0	0	0	1	0	0	0	0	1	0	0	0	0	1

配合:		0


3	2
垫圈M22-138
没有标记
没有标记
sound\大浮墩托架预拼3.mp3

在预拼场地上，人工将第二组托架桁竖立好，与托架横联相连。横联通过M22×60的螺栓与托架桁立柱角钢连接。

起始状态: 隐藏		终止状态: 显示		移动节点: 1
1000	1	0	0	0	0	1	0	0	0	0	1	0	-0.3	0	0	1
1000	1	0	0	0	0	1	0	0	0	0	1	0	0	0	0	1

配合:		0


3	2
垫圈M22-145
没有标记
没有标记
sound\大浮墩托架预拼3.mp3

在预拼场地上，人工将第二组托架桁竖立好，与托架横联相连。横联通过M22×60的螺栓与托架桁立柱角钢连接。

起始状态: 隐藏		终止状态: 显示		移动节点: 1
1000	1	0	0	0	0	1	0	0	0	0	1	0	-0.3	0	0	1
1000	1	0	0	0	0	1	0	0	0	0	1	0	0	0	0	1

配合:		0


4	1
托架横联-4
安装三片托架横联
没有标记
sound\大浮墩托架预拼4.mp3

第二组托架横联为三片，与第一组横联交叉放置。

起始状态: 隐藏		终止状态: 显示		移动节点: 1
1500	1	0	0	0	0	1	0	0	0	0	1	0	-1	0	0	1
1000	1	0	0	0	0	1	0	0	0	0	1	0	0	0	0	1

配合:		0


4	1
托架横联-11
安装三片托架横联
没有标记
sound\大浮墩托架预拼4.mp3

第二组托架横联为三片，与第一组横联交叉放置。

起始状态: 隐藏		终止状态: 显示		移动节点: 1
1500	1	0	0	0	0	1	0	0	0	0	1	0	1	0	0	1
1000	1	0	0	0	0	1	0	0	0	0	1	0	0	0	0	1

配合:		1
没有标记
托架横联-11	0	4
托架桁-2	4	0


4	1
托架横联-5
安装三片托架横联
没有标记
sound\大浮墩托架预拼4.mp3

第二组托架横联为三片，与第一组横联交叉放置。

起始状态: 隐藏		终止状态: 显示		移动节点: 1
1500	1	0	0	0	0	1	0	0	0	0	1	0	1	0	0	1
1000	1	0	0	0	0	1	0	0	0	0	1	0	0	0	0	1

配合:		0


4	2
垫圈M22-148
安装三片托架横联
没有标记
sound\大浮墩托架预拼4.mp3

第二组托架横联为三片，与第一组横联交叉放置。

起始状态: 隐藏		终止状态: 显示		移动节点: 1
1000	1	0	0	0	0	1	0	0	0	0	1	0	-0.3	0	0	1
1000	1	0	0	0	0	1	0	0	0	0	1	0	0	0	0	1

配合:		0


4	2
M22x60-30
安装三片托架横联
没有标记
sound\大浮墩托架预拼4.mp3

第二组托架横联为三片，与第一组横联交叉放置。

起始状态: 隐藏		终止状态: 显示		移动节点: 1
1000	1	0	0	0	0	1	0	0	0	0	1	0	-0.3	0	0	1
1000	1	0	0	0	0	1	0	0	0	0	1	0	0	0	0	1

配合:		0


4	2
垫圈M22-156
安装三片托架横联
没有标记
sound\大浮墩托架预拼4.mp3

第二组托架横联为三片，与第一组横联交叉放置。

起始状态: 隐藏		终止状态: 显示		移动节点: 1
1000	1	0	0	0	0	1	0	0	0	0	1	0	-0.3	0	0	1
1000	1	0	0	0	0	1	0	0	0	0	1	0	0	0	0	1

配合:		0


4	2
垫圈M22-153
安装三片托架横联
没有标记
sound\大浮墩托架预拼4.mp3

第二组托架横联为三片，与第一组横联交叉放置。

起始状态: 隐藏		终止状态: 显示		移动节点: 1
1000	1	0	0	0	0	1	0	0	0	0	1	0	-0.3	0	0	1
1000	1	0	0	0	0	1	0	0	0	0	1	0	0	0	0	1

配合:		0


4	2
垫圈M22-147
安装三片托架横联
没有标记
sound\大浮墩托架预拼4.mp3

第二组托架横联为三片，与第一组横联交叉放置。

起始状态: 隐藏		终止状态: 显示		移动节点: 1
1000	1	0	0	0	0	1	0	0	0	0	1	0	-0.3	0	0	1
1000	1	0	0	0	0	1	0	0	0	0	1	0	0	0	0	1

配合:		0


4	2
M22x60-37
安装三片托架横联
没有标记
sound\大浮墩托架预拼4.mp3

第二组托架横联为三片，与第一组横联交叉放置。

起始状态: 隐藏		终止状态: 显示		移动节点: 1
1000	1	0	0	0	0	1	0	0	0	0	1	0	-0.3	0	0	1
1000	1	0	0	0	0	1	0	0	0	0	1	0	0	0	0	1

配合:		0


4	2
M22螺母-248
安装三片托架横联
没有标记
sound\大浮墩托架预拼4.mp3

第二组托架横联为三片，与第一组横联交叉放置。

起始状态: 隐藏		终止状态: 显示		移动节点: 1
1000	1	0	0	0	0	1	0	0	0	0	1	0	0	0	0.3	1
1000	1	0	0	0	0	1	0	0	0	0	1	0	0	0	0	1

配合:		0


4	2
M22螺母-256
安装三片托架横联
没有标记
sound\大浮墩托架预拼4.mp3

第二组托架横联为三片，与第一组横联交叉放置。

起始状态: 隐藏		终止状态: 显示		移动节点: 1
1000	1	0	0	0	0	1	0	0	0	0	1	0	0	0	0.3	1
1000	1	0	0	0	0	1	0	0	0	0	1	0	0	0	0	1

配合:		0


4	2
M22螺母-247
安装三片托架横联
没有标记
sound\大浮墩托架预拼4.mp3

第二组托架横联为三片，与第一组横联交叉放置。

起始状态: 隐藏		终止状态: 显示		移动节点: 1
1000	1	0	0	0	0	1	0	0	0	0	1	0	0	0	0.3	1
1000	1	0	0	0	0	1	0	0	0	0	1	0	0	0	0	1

配合:		0


4	2
M22螺母-246
安装三片托架横联
没有标记
sound\大浮墩托架预拼4.mp3

第二组托架横联为三片，与第一组横联交叉放置。

起始状态: 隐藏		终止状态: 显示		移动节点: 1
1000	1	0	0	0	0	1	0	0	0	0	1	0	0	0	0.3	1
1000	1	0	0	0	0	1	0	0	0	0	1	0	0	0	0	1

配合:		0


4	2
M22x60-28
安装三片托架横联
没有标记
sound\大浮墩托架预拼4.mp3

第二组托架横联为三片，与第一组横联交叉放置。

起始状态: 隐藏		终止状态: 显示		移动节点: 1
1000	1	0	0	0	0	1	0	0	0	0	1	0	-0.3	0	0	1
1000	1	0	0	0	0	1	0	0	0	0	1	0	0	0	0	1

配合:		0


4	2
M22x60-32
安装三片托架横联
没有标记
sound\大浮墩托架预拼4.mp3

第二组托架横联为三片，与第一组横联交叉放置。

起始状态: 隐藏		终止状态: 显示		移动节点: 1
1000	1	0	0	0	0	1	0	0	0	0	1	0	-0.3	0	0	1
1000	1	0	0	0	0	1	0	0	0	0	1	0	0	0	0	1

配合:		0


4	2
M22螺母-310
安装三片托架横联
没有标记
sound\大浮墩托架预拼4.mp3

第二组托架横联为三片，与第一组横联交叉放置。

起始状态: 隐藏		终止状态: 显示		移动节点: 1
1000	1	0	0	0	0	1	0	0	0	0	1	0	0	0	0.3	1
1000	1	0	0	0	0	1	0	0	0	0	1	0	0	0	0	1

配合:		0


4	2
M22x60-27
安装三片托架横联
没有标记
sound\大浮墩托架预拼4.mp3

第二组托架横联为三片，与第一组横联交叉放置。

起始状态: 隐藏		终止状态: 显示		移动节点: 1
1000	1	0	0	0	0	1	0	0	0	0	1	0	-0.3	0	0	1
1000	1	0	0	0	0	1	0	0	0	0	1	0	0	0	0	1

配合:		0


4	2
垫圈M22-210
安装三片托架横联
没有标记
sound\大浮墩托架预拼4.mp3

第二组托架横联为三片，与第一组横联交叉放置。

起始状态: 隐藏		终止状态: 显示		移动节点: 1
1000	1	0	0	0	0	1	0	0	0	0	1	0	-0.3	0	0	1
1000	1	0	0	0	0	1	0	0	0	0	1	0	0	0	0	1

配合:		0


4	2
垫圈M22-146
安装三片托架横联
没有标记
sound\大浮墩托架预拼4.mp3

第二组托架横联为三片，与第一组横联交叉放置。

起始状态: 隐藏		终止状态: 显示		移动节点: 1
1000	1	0	0	0	0	1	0	0	0	0	1	0	-0.3	0	0	1
1000	1	0	0	0	0	1	0	0	0	0	1	0	0	0	0	1

配合:		0


4	2
M22x60-91
安装三片托架横联
没有标记
sound\大浮墩托架预拼4.mp3

第二组托架横联为三片，与第一组横联交叉放置。

起始状态: 隐藏		终止状态: 显示		移动节点: 1
1000	1	0	0	0	0	1	0	0	0	0	1	0	-0.3	0	0	1
1000	1	0	0	0	0	1	0	0	0	0	1	0	0	0	0	1

配合:		0


4	2
垫圈M22-211
安装三片托架横联
没有标记
sound\大浮墩托架预拼4.mp3

第二组托架横联为三片，与第一组横联交叉放置。

起始状态: 隐藏		终止状态: 显示		移动节点: 1
1000	1	0	0	0	0	1	0	0	0	0	1	0	-0.3	0	0	1
1000	1	0	0	0	0	1	0	0	0	0	1	0	0	0	0	1

配合:		0


4	2
M22x60-90
安装三片托架横联
没有标记
sound\大浮墩托架预拼4.mp3

第二组托架横联为三片，与第一组横联交叉放置。

起始状态: 隐藏		终止状态: 显示		移动节点: 1
1000	1	0	0	0	0	1	0	0	0	0	1	0	-0.3	0	0	1
1000	1	0	0	0	0	1	0	0	0	0	1	0	0	0	0	1

配合:		0


4	2
M22螺母-309
安装三片托架横联
没有标记
sound\大浮墩托架预拼4.mp3

第二组托架横联为三片，与第一组横联交叉放置。

起始状态: 隐藏		终止状态: 显示		移动节点: 1
1000	1	0	0	0	0	1	0	0	0	0	1	0	0	0	0.3	1
1000	1	0	0	0	0	1	0	0	0	0	1	0	0	0	0	1

配合:		0


4	2
M22x60-89
安装三片托架横联
没有标记
sound\大浮墩托架预拼4.mp3

第二组托架横联为三片，与第一组横联交叉放置。

起始状态: 隐藏		终止状态: 显示		移动节点: 1
1000	1	0	0	0	0	1	0	0	0	0	1	0	-0.3	0	0	1
1000	1	0	0	0	0	1	0	0	0	0	1	0	0	0	0	1

配合:		0


4	2
M22螺母-311
安装三片托架横联
没有标记
sound\大浮墩托架预拼4.mp3

第二组托架横联为三片，与第一组横联交叉放置。

起始状态: 隐藏		终止状态: 显示		移动节点: 1
1000	1	0	0	0	0	1	0	0	0	0	1	0	0	0	0.3	1
1000	1	0	0	0	0	1	0	0	0	0	1	0	0	0	0	1

配合:		0


4	2
垫圈M22-208
安装三片托架横联
没有标记
sound\大浮墩托架预拼4.mp3

第二组托架横联为三片，与第一组横联交叉放置。

起始状态: 隐藏		终止状态: 显示		移动节点: 1
1000	1	0	0	0	0	1	0	0	0	0	1	0	-0.3	0	0	1
1000	1	0	0	0	0	1	0	0	0	0	1	0	0	0	0	1

配合:		0


4	2
垫圈M22-209
安装三片托架横联
没有标记
sound\大浮墩托架预拼4.mp3

第二组托架横联为三片，与第一组横联交叉放置。

起始状态: 隐藏		终止状态: 显示		移动节点: 1
1000	1	0	0	0	0	1	0	0	0	0	1	0	-0.3	0	0	1
1000	1	0	0	0	0	1	0	0	0	0	1	0	0	0	0	1

配合:		0


4	2
垫圈M22-212
安装三片托架横联
没有标记
sound\大浮墩托架预拼4.mp3

第二组托架横联为三片，与第一组横联交叉放置。

起始状态: 隐藏		终止状态: 显示		移动节点: 1
1000	1	0	0	0	0	1	0	0	0	0	1	0	-0.3	0	0	1
1000	1	0	0	0	0	1	0	0	0	0	1	0	0	0	0	1

配合:		0


4	2
M22螺母-308
安装三片托架横联
没有标记
sound\大浮墩托架预拼4.mp3

第二组托架横联为三片，与第一组横联交叉放置。

起始状态: 隐藏		终止状态: 显示		移动节点: 1
1000	1	0	0	0	0	1	0	0	0	0	1	0	0	0	0.3	1
1000	1	0	0	0	0	1	0	0	0	0	1	0	0	0	0	1

配合:		0


4	2
M22螺母-306
安装三片托架横联
没有标记
sound\大浮墩托架预拼4.mp3

第二组托架横联为三片，与第一组横联交叉放置。

起始状态: 隐藏		终止状态: 显示		移动节点: 1
1000	1	0	0	0	0	1	0	0	0	0	1	0	0	0	0.3	1
1000	1	0	0	0	0	1	0	0	0	0	1	0	0	0	0	1

配合:		0


4	2
M22螺母-307
安装三片托架横联
没有标记
sound\大浮墩托架预拼4.mp3

第二组托架横联为三片，与第一组横联交叉放置。

起始状态: 隐藏		终止状态: 显示		移动节点: 1
1000	1	0	0	0	0	1	0	0	0	0	1	0	0	0	0.3	1
1000	1	0	0	0	0	1	0	0	0	0	1	0	0	0	0	1

配合:		0


4	2
M22x60-87
安装三片托架横联
没有标记
sound\大浮墩托架预拼4.mp3

第二组托架横联为三片，与第一组横联交叉放置。

起始状态: 隐藏		终止状态: 显示		移动节点: 1
1000	1	0	0	0	0	1	0	0	0	0	1	0	-0.3	0	0	1
1000	1	0	0	0	0	1	0	0	0	0	1	0	0	0	0	1

配合:		0


4	2
M22x60-88
安装三片托架横联
没有标记
sound\大浮墩托架预拼4.mp3

第二组托架横联为三片，与第一组横联交叉放置。

起始状态: 隐藏		终止状态: 显示		移动节点: 1
1000	1	0	0	0	0	1	0	0	0	0	1	0	-0.3	0	0	1
1000	1	0	0	0	0	1	0	0	0	0	1	0	0	0	0	1

配合:		0


4	2
垫圈M22-326
安装三片托架横联
没有标记
sound\大浮墩托架预拼4.mp3

第二组托架横联为三片，与第一组横联交叉放置。

起始状态: 隐藏		终止状态: 显示		移动节点: 1
1000	1	0	0	0	0	1	0	0	0	0	1	0	-0.3	0	0	1
1000	1	0	0	0	0	1	0	0	0	0	1	0	0	0	0	1

配合:		0


4	2
M22x60-86
安装三片托架横联
没有标记
sound\大浮墩托架预拼4.mp3

第二组托架横联为三片，与第一组横联交叉放置。

起始状态: 隐藏		终止状态: 显示		移动节点: 1
1000	1	0	0	0	0	1	0	0	0	0	1	0	-0.3	0	0	1
1000	1	0	0	0	0	1	0	0	0	0	1	0	0	0	0	1

配合:		0


4	2
M22x60-203
安装三片托架横联
没有标记
sound\大浮墩托架预拼4.mp3

第二组托架横联为三片，与第一组横联交叉放置。

起始状态: 隐藏		终止状态: 显示		移动节点: 1
1000	1	0	0	0	0	1	0	0	0	0	1	0	-0.3	0	0	1
1000	1	0	0	0	0	1	0	0	0	0	1	0	0	0	0	1

配合:		0


4	2
垫圈M22-207
安装三片托架横联
没有标记
sound\大浮墩托架预拼4.mp3

第二组托架横联为三片，与第一组横联交叉放置。

起始状态: 隐藏		终止状态: 显示		移动节点: 1
1000	1	0	0	0	0	1	0	0	0	0	1	0	-0.3	0	0	1
1000	1	0	0	0	0	1	0	0	0	0	1	0	0	0	0	1

配合:		0


4	2
M22螺母-426
安装三片托架横联
没有标记
sound\大浮墩托架预拼4.mp3

第二组托架横联为三片，与第一组横联交叉放置。

起始状态: 隐藏		终止状态: 显示		移动节点: 1
1000	1	0	0	0	0	1	0	0	0	0	1	0	0	0	0.3	1
1000	1	0	0	0	0	1	0	0	0	0	1	0	0	0	0	1

配合:		0


4	2
M22x60-204
安装三片托架横联
没有标记
sound\大浮墩托架预拼4.mp3

第二组托架横联为三片，与第一组横联交叉放置。

起始状态: 隐藏		终止状态: 显示		移动节点: 1
1000	1	0	0	0	0	1	0	0	0	0	1	0	-0.3	0	0	1
1000	1	0	0	0	0	1	0	0	0	0	1	0	0	0	0	1

配合:		0


4	2
M22螺母-427
安装三片托架横联
没有标记
sound\大浮墩托架预拼4.mp3

第二组托架横联为三片，与第一组横联交叉放置。

起始状态: 隐藏		终止状态: 显示		移动节点: 1
1000	1	0	0	0	0	1	0	0	0	0	1	0	0	0	0.3	1
1000	1	0	0	0	0	1	0	0	0	0	1	0	0	0	0	1

配合:		0


4	2
垫圈M22-327
安装三片托架横联
没有标记
sound\大浮墩托架预拼4.mp3

第二组托架横联为三片，与第一组横联交叉放置。

起始状态: 隐藏		终止状态: 显示		移动节点: 1
1000	1	0	0	0	0	1	0	0	0	0	1	0	-0.3	0	0	1
1000	1	0	0	0	0	1	0	0	0	0	1	0	0	0	0	1

配合:		0


4	2
M22螺母-425
安装三片托架横联
没有标记
sound\大浮墩托架预拼4.mp3

第二组托架横联为三片，与第一组横联交叉放置。

起始状态: 隐藏		终止状态: 显示		移动节点: 1
1000	1	0	0	0	0	1	0	0	0	0	1	0	0	0	0.3	1
1000	1	0	0	0	0	1	0	0	0	0	1	0	0	0	0	1

配合:		0


4	2
垫圈M22-328
安装三片托架横联
没有标记
sound\大浮墩托架预拼4.mp3

第二组托架横联为三片，与第一组横联交叉放置。

起始状态: 隐藏		终止状态: 显示		移动节点: 1
1000	1	0	0	0	0	1	0	0	0	0	1	0	-0.3	0	0	1
1000	1	0	0	0	0	1	0	0	0	0	1	0	0	0	0	1

配合:		0


4	2
M22x60-202
安装三片托架横联
没有标记
sound\大浮墩托架预拼4.mp3

第二组托架横联为三片，与第一组横联交叉放置。

起始状态: 隐藏		终止状态: 显示		移动节点: 1
1000	1	0	0	0	0	1	0	0	0	0	1	0	-0.3	0	0	1
1000	1	0	0	0	0	1	0	0	0	0	1	0	0	0	0	1

配合:		0


4	2
垫圈M22-324
安装三片托架横联
没有标记
sound\大浮墩托架预拼4.mp3

第二组托架横联为三片，与第一组横联交叉放置。

起始状态: 隐藏		终止状态: 显示		移动节点: 1
1000	1	0	0	0	0	1	0	0	0	0	1	0	-0.3	0	0	1
1000	1	0	0	0	0	1	0	0	0	0	1	0	0	0	0	1

配合:		0


4	2
M22x60-205
安装三片托架横联
没有标记
sound\大浮墩托架预拼4.mp3

第二组托架横联为三片，与第一组横联交叉放置。

起始状态: 隐藏		终止状态: 显示		移动节点: 1
1000	1	0	0	0	0	1	0	0	0	0	1	0	-0.3	0	0	1
1000	1	0	0	0	0	1	0	0	0	0	1	0	0	0	0	1

配合:		0


4	2
垫圈M22-325
安装三片托架横联
没有标记
sound\大浮墩托架预拼4.mp3

第二组托架横联为三片，与第一组横联交叉放置。

起始状态: 隐藏		终止状态: 显示		移动节点: 1
1000	1	0	0	0	0	1	0	0	0	0	1	0	-0.3	0	0	1
1000	1	0	0	0	0	1	0	0	0	0	1	0	0	0	0	1

配合:		0


4	2
垫圈M22-323
安装三片托架横联
没有标记
sound\大浮墩托架预拼4.mp3

第二组托架横联为三片，与第一组横联交叉放置。

起始状态: 隐藏		终止状态: 显示		移动节点: 1
1000	1	0	0	0	0	1	0	0	0	0	1	0	-0.3	0	0	1
1000	1	0	0	0	0	1	0	0	0	0	1	0	0	0	0	1

配合:		0


4	2
M22x60-201
安装三片托架横联
没有标记
sound\大浮墩托架预拼4.mp3

第二组托架横联为三片，与第一组横联交叉放置。

起始状态: 隐藏		终止状态: 显示		移动节点: 1
1000	1	0	0	0	0	1	0	0	0	0	1	0	-0.3	0	0	1
1000	1	0	0	0	0	1	0	0	0	0	1	0	0	0	0	1

配合:		0


4	2
M22螺母-424
安装三片托架横联
没有标记
sound\大浮墩托架预拼4.mp3

第二组托架横联为三片，与第一组横联交叉放置。

起始状态: 隐藏		终止状态: 显示		移动节点: 1
1000	1	0	0	0	0	1	0	0	0	0	1	0	0	0	0.3	1
1000	1	0	0	0	0	1	0	0	0	0	1	0	0	0	0	1

配合:		0


4	2
M22x60-200
安装三片托架横联
没有标记
sound\大浮墩托架预拼4.mp3

第二组托架横联为三片，与第一组横联交叉放置。

起始状态: 隐藏		终止状态: 显示		移动节点: 1
1000	1	0	0	0	0	1	0	0	0	0	1	0	-0.3	0	0	1
1000	1	0	0	0	0	1	0	0	0	0	1	0	0	0	0	1

配合:		0


4	2
M22螺母-423
安装三片托架横联
没有标记
sound\大浮墩托架预拼4.mp3

第二组托架横联为三片，与第一组横联交叉放置。

起始状态: 隐藏		终止状态: 显示		移动节点: 1
1000	1	0	0	0	0	1	0	0	0	0	1	0	0	0	0.3	1
1000	1	0	0	0	0	1	0	0	0	0	1	0	0	0	0	1

配合:		0


4	2
垫圈M22-150
安装三片托架横联
没有标记
sound\大浮墩托架预拼4.mp3

第二组托架横联为三片，与第一组横联交叉放置。

起始状态: 隐藏		终止状态: 显示		移动节点: 1
1000	1	0	0	0	0	1	0	0	0	0	1	0	-0.3	0	0	1
1000	1	0	0	0	0	1	0	0	0	0	1	0	0	0	0	1

配合:		0


4	2
M22x60-34
安装三片托架横联
没有标记
sound\大浮墩托架预拼4.mp3

第二组托架横联为三片，与第一组横联交叉放置。

起始状态: 隐藏		终止状态: 显示		移动节点: 1
1000	1	0	0	0	0	1	0	0	0	0	1	0	-0.3	0	0	1
1000	1	0	0	0	0	1	0	0	0	0	1	0	0	0	0	1

配合:		0


4	2
M22螺母-253
安装三片托架横联
没有标记
sound\大浮墩托架预拼4.mp3

第二组托架横联为三片，与第一组横联交叉放置。

起始状态: 隐藏		终止状态: 显示		移动节点: 1
1000	1	0	0	0	0	1	0	0	0	0	1	0	0	0	0.3	1
1000	1	0	0	0	0	1	0	0	0	0	1	0	0	0	0	1

配合:		0


4	2
M22螺母-422
安装三片托架横联
没有标记
sound\大浮墩托架预拼4.mp3

第二组托架横联为三片，与第一组横联交叉放置。

起始状态: 隐藏		终止状态: 显示		移动节点: 1
1000	1	0	0	0	0	1	0	0	0	0	1	0	0	0	0.3	1
1000	1	0	0	0	0	1	0	0	0	0	1	0	0	0	0	1

配合:		0


4	2
M22螺母-250
安装三片托架横联
没有标记
sound\大浮墩托架预拼4.mp3

第二组托架横联为三片，与第一组横联交叉放置。

起始状态: 隐藏		终止状态: 显示		移动节点: 1
1000	1	0	0	0	0	1	0	0	0	0	1	0	0	0	0.3	1
1000	1	0	0	0	0	1	0	0	0	0	1	0	0	0	0	1

配合:		0


5	1
托架桁-6
第三组托架桁
没有标记
sound\大浮墩托架预拼5.mp3

人工将第三组托架桁竖立好，与托架横联相连。横联通过M22×60的螺栓与托架桁立柱角钢连接。

起始状态: 隐藏		终止状态: 显示		移动节点: 1
1500	1	0	0	0	0	1	0	0	0	0	1	0	0	0	-1	1
1000	1	0	0	0	0	1	0	0	0	0	1	0	0	0	0	1

配合:		1
没有标记
托架桁-6	7	2
托架横联-5	2	1


5	2
垫圈M22-25
第三组托架桁
没有标记
sound\大浮墩托架预拼5.mp3

人工将第三组托架桁竖立好，与托架横联相连。横联通过M22×60的螺栓与托架桁立柱角钢连接。

起始状态: 隐藏		终止状态: 显示		移动节点: 1
1000	1	0	0	0	0	1	0	0	0	0	1	0	-0.3	0	0	1
1000	1	0	0	0	0	1	0	0	0	0	1	0	0	0	0	1

配合:		0


5	2
M22螺母-252
第三组托架桁
没有标记
sound\大浮墩托架预拼5.mp3

人工将第三组托架桁竖立好，与托架横联相连。横联通过M22×60的螺栓与托架桁立柱角钢连接。

起始状态: 隐藏		终止状态: 显示		移动节点: 1
1000	1	0	0	0	0	1	0	0	0	0	1	0	0	0	0.3	1
1000	1	0	0	0	0	1	0	0	0	0	1	0	0	0	0	1

配合:		0


5	2
垫圈M22-155
第三组托架桁
没有标记
sound\大浮墩托架预拼5.mp3

人工将第三组托架桁竖立好，与托架横联相连。横联通过M22×60的螺栓与托架桁立柱角钢连接。

起始状态: 隐藏		终止状态: 显示		移动节点: 1
1000	1	0	0	0	0	1	0	0	0	0	1	0	-0.3	0	0	1
1000	1	0	0	0	0	1	0	0	0	0	1	0	0	0	0	1

配合:		0


5	2
M22螺母-186
第三组托架桁
没有标记
sound\大浮墩托架预拼5.mp3

人工将第三组托架桁竖立好，与托架横联相连。横联通过M22×60的螺栓与托架桁立柱角钢连接。

起始状态: 隐藏		终止状态: 显示		移动节点: 1
1000	1	0	0	0	0	1	0	0	0	0	1	0	0	0	0.3	1
1000	1	0	0	0	0	1	0	0	0	0	1	0	0	0	0	1

配合:		0


5	2
垫圈M22-287
第三组托架桁
没有标记
sound\大浮墩托架预拼5.mp3

人工将第三组托架桁竖立好，与托架横联相连。横联通过M22×60的螺栓与托架桁立柱角钢连接。

起始状态: 隐藏		终止状态: 显示		移动节点: 1
1000	1	0	0	0	0	1	0	0	0	0	1	0	-0.3	0	0	1
1000	1	0	0	0	0	1	0	0	0	0	1	0	0	0	0	1

配合:		0


5	2
M22螺母-251
第三组托架桁
没有标记
sound\大浮墩托架预拼5.mp3

人工将第三组托架桁竖立好，与托架横联相连。横联通过M22×60的螺栓与托架桁立柱角钢连接。

起始状态: 隐藏		终止状态: 显示		移动节点: 1
1000	1	0	0	0	0	1	0	0	0	0	1	0	0	0	0.3	1
1000	1	0	0	0	0	1	0	0	0	0	1	0	0	0	0	1

配合:		0


5	2
M22x60-197
第三组托架桁
没有标记
sound\大浮墩托架预拼5.mp3

人工将第三组托架桁竖立好，与托架横联相连。横联通过M22×60的螺栓与托架桁立柱角钢连接。

起始状态: 隐藏		终止状态: 显示		移动节点: 1
1000	1	0	0	0	0	1	0	0	0	0	1	0	-0.3	0	0	1
1000	1	0	0	0	0	1	0	0	0	0	1	0	0	0	0	1

配合:		0


5	2
M22x60-35
第三组托架桁
没有标记
sound\大浮墩托架预拼5.mp3

人工将第三组托架桁竖立好，与托架横联相连。横联通过M22×60的螺栓与托架桁立柱角钢连接。

起始状态: 隐藏		终止状态: 显示		移动节点: 1
1000	1	0	0	0	0	1	0	0	0	0	1	0	-0.3	0	0	1
1000	1	0	0	0	0	1	0	0	0	0	1	0	0	0	0	1

配合:		0


5	2
M22螺母-385
第三组托架桁
没有标记
sound\大浮墩托架预拼5.mp3

人工将第三组托架桁竖立好，与托架横联相连。横联通过M22×60的螺栓与托架桁立柱角钢连接。

起始状态: 隐藏		终止状态: 显示		移动节点: 1
1000	1	0	0	0	0	1	0	0	0	0	1	0	0	0	0.3	1
1000	1	0	0	0	0	1	0	0	0	0	1	0	0	0	0	1

配合:		0


5	2
垫圈M22-247
第三组托架桁
没有标记
sound\大浮墩托架预拼5.mp3

人工将第三组托架桁竖立好，与托架横联相连。横联通过M22×60的螺栓与托架桁立柱角钢连接。

起始状态: 隐藏		终止状态: 显示		移动节点: 1
1000	1	0	0	0	0	1	0	0	0	0	1	0	-0.3	0	0	1
1000	1	0	0	0	0	1	0	0	0	0	1	0	0	0	0	1

配合:		0


5	2
M22x60-195
第三组托架桁
没有标记
sound\大浮墩托架预拼5.mp3

人工将第三组托架桁竖立好，与托架横联相连。横联通过M22×60的螺栓与托架桁立柱角钢连接。

起始状态: 隐藏		终止状态: 显示		移动节点: 1
1000	1	0	0	0	0	1	0	0	0	0	1	0	-0.3	0	0	1
1000	1	0	0	0	0	1	0	0	0	0	1	0	0	0	0	1

配合:		0


5	2
M22螺母-254
第三组托架桁
没有标记
sound\大浮墩托架预拼5.mp3

人工将第三组托架桁竖立好，与托架横联相连。横联通过M22×60的螺栓与托架桁立柱角钢连接。

起始状态: 隐藏		终止状态: 显示		移动节点: 1
1000	1	0	0	0	0	1	0	0	0	0	1	0	0	0	0.3	1
1000	1	0	0	0	0	1	0	0	0	0	1	0	0	0	0	1

配合:		0


5	2
M22x60-199
第三组托架桁
没有标记
sound\大浮墩托架预拼5.mp3

人工将第三组托架桁竖立好，与托架横联相连。横联通过M22×60的螺栓与托架桁立柱角钢连接。

起始状态: 隐藏		终止状态: 显示		移动节点: 1
1000	1	0	0	0	0	1	0	0	0	0	1	0	-0.3	0	0	1
1000	1	0	0	0	0	1	0	0	0	0	1	0	0	0	0	1

配合:		0


5	2
垫圈M22-157
第三组托架桁
没有标记
sound\大浮墩托架预拼5.mp3

人工将第三组托架桁竖立好，与托架横联相连。横联通过M22×60的螺栓与托架桁立柱角钢连接。

起始状态: 隐藏		终止状态: 显示		移动节点: 1
1000	1	0	0	0	0	1	0	0	0	0	1	0	-0.3	0	0	1
1000	1	0	0	0	0	1	0	0	0	0	1	0	0	0	0	1

配合:		0


5	2
M22x60-198
第三组托架桁
没有标记
sound\大浮墩托架预拼5.mp3

人工将第三组托架桁竖立好，与托架横联相连。横联通过M22×60的螺栓与托架桁立柱角钢连接。

起始状态: 隐藏		终止状态: 显示		移动节点: 1
1000	1	0	0	0	0	1	0	0	0	0	1	0	-0.3	0	0	1
1000	1	0	0	0	0	1	0	0	0	0	1	0	0	0	0	1

配合:		0


5	2
M22x60-38
第三组托架桁
没有标记
sound\大浮墩托架预拼5.mp3

人工将第三组托架桁竖立好，与托架横联相连。横联通过M22×60的螺栓与托架桁立柱角钢连接。

起始状态: 隐藏		终止状态: 显示		移动节点: 1
1000	1	0	0	0	0	1	0	0	0	0	1	0	-0.3	0	0	1
1000	1	0	0	0	0	1	0	0	0	0	1	0	0	0	0	1

配合:		0


5	2
垫圈M22-290
第三组托架桁
没有标记
sound\大浮墩托架预拼5.mp3

人工将第三组托架桁竖立好，与托架横联相连。横联通过M22×60的螺栓与托架桁立柱角钢连接。

起始状态: 隐藏		终止状态: 显示		移动节点: 1
1000	1	0	0	0	0	1	0	0	0	0	1	0	-0.3	0	0	1
1000	1	0	0	0	0	1	0	0	0	0	1	0	0	0	0	1

配合:		0


5	2
M22x60-190
第三组托架桁
没有标记
sound\大浮墩托架预拼5.mp3

人工将第三组托架桁竖立好，与托架横联相连。横联通过M22×60的螺栓与托架桁立柱角钢连接。

起始状态: 隐藏		终止状态: 显示		移动节点: 1
1000	1	0	0	0	0	1	0	0	0	0	1	0	-0.3	0	0	1
1000	1	0	0	0	0	1	0	0	0	0	1	0	0	0	0	1

配合:		0


5	2
垫圈M22-149
第三组托架桁
没有标记
sound\大浮墩托架预拼5.mp3

人工将第三组托架桁竖立好，与托架横联相连。横联通过M22×60的螺栓与托架桁立柱角钢连接。

起始状态: 隐藏		终止状态: 显示		移动节点: 1
1000	1	0	0	0	0	1	0	0	0	0	1	0	-0.3	0	0	1
1000	1	0	0	0	0	1	0	0	0	0	1	0	0	0	0	1

配合:		0


5	2
M22螺母-391
第三组托架桁
没有标记
sound\大浮墩托架预拼5.mp3

人工将第三组托架桁竖立好，与托架横联相连。横联通过M22×60的螺栓与托架桁立柱角钢连接。

起始状态: 隐藏		终止状态: 显示		移动节点: 1
1000	1	0	0	0	0	1	0	0	0	0	1	0	0	0	0.3	1
1000	1	0	0	0	0	1	0	0	0	0	1	0	0	0	0	1

配合:		0


5	2
M22螺母-249
第三组托架桁
没有标记
sound\大浮墩托架预拼5.mp3

人工将第三组托架桁竖立好，与托架横联相连。横联通过M22×60的螺栓与托架桁立柱角钢连接。

起始状态: 隐藏		终止状态: 显示		移动节点: 1
1000	1	0	0	0	0	1	0	0	0	0	1	0	0	0	0.3	1
1000	1	0	0	0	0	1	0	0	0	0	1	0	0	0	0	1

配合:		0


5	2
垫圈M22-292
第三组托架桁
没有标记
sound\大浮墩托架预拼5.mp3

人工将第三组托架桁竖立好，与托架横联相连。横联通过M22×60的螺栓与托架桁立柱角钢连接。

起始状态: 隐藏		终止状态: 显示		移动节点: 1
1000	1	0	0	0	0	1	0	0	0	0	1	0	-0.3	0	0	1
1000	1	0	0	0	0	1	0	0	0	0	1	0	0	0	0	1

配合:		0


5	2
垫圈M22-152
第三组托架桁
没有标记
sound\大浮墩托架预拼5.mp3

人工将第三组托架桁竖立好，与托架横联相连。横联通过M22×60的螺栓与托架桁立柱角钢连接。

起始状态: 隐藏		终止状态: 显示		移动节点: 1
1000	1	0	0	0	0	1	0	0	0	0	1	0	-0.3	0	0	1
1000	1	0	0	0	0	1	0	0	0	0	1	0	0	0	0	1

配合:		0


5	2
垫圈M22-289
第三组托架桁
没有标记
sound\大浮墩托架预拼5.mp3

人工将第三组托架桁竖立好，与托架横联相连。横联通过M22×60的螺栓与托架桁立柱角钢连接。

起始状态: 隐藏		终止状态: 显示		移动节点: 1
1000	1	0	0	0	0	1	0	0	0	0	1	0	-0.3	0	0	1
1000	1	0	0	0	0	1	0	0	0	0	1	0	0	0	0	1

配合:		0


5	2
M22x60-29
第三组托架桁
没有标记
sound\大浮墩托架预拼5.mp3

人工将第三组托架桁竖立好，与托架横联相连。横联通过M22×60的螺栓与托架桁立柱角钢连接。

起始状态: 隐藏		终止状态: 显示		移动节点: 1
1000	1	0	0	0	0	1	0	0	0	0	1	0	-0.3	0	0	1
1000	1	0	0	0	0	1	0	0	0	0	1	0	0	0	0	1

配合:		0


5	2
垫圈M22-291
第三组托架桁
没有标记
sound\大浮墩托架预拼5.mp3

人工将第三组托架桁竖立好，与托架横联相连。横联通过M22×60的螺栓与托架桁立柱角钢连接。

起始状态: 隐藏		终止状态: 显示		移动节点: 1
1000	1	0	0	0	0	1	0	0	0	0	1	0	-0.3	0	0	1
1000	1	0	0	0	0	1	0	0	0	0	1	0	0	0	0	1

配合:		0


5	2
M22螺母-255
第三组托架桁
没有标记
sound\大浮墩托架预拼5.mp3

人工将第三组托架桁竖立好，与托架横联相连。横联通过M22×60的螺栓与托架桁立柱角钢连接。

起始状态: 隐藏		终止状态: 显示		移动节点: 1
1000	1	0	0	0	0	1	0	0	0	0	1	0	0	0	0.3	1
1000	1	0	0	0	0	1	0	0	0	0	1	0	0	0	0	1

配合:		0


5	2
M22螺母-388
第三组托架桁
没有标记
sound\大浮墩托架预拼5.mp3

人工将第三组托架桁竖立好，与托架横联相连。横联通过M22×60的螺栓与托架桁立柱角钢连接。

起始状态: 隐藏		终止状态: 显示		移动节点: 1
1000	1	0	0	0	0	1	0	0	0	0	1	0	0	0	0.3	1
1000	1	0	0	0	0	1	0	0	0	0	1	0	0	0	0	1

配合:		0


5	2
M22x60-189
第三组托架桁
没有标记
sound\大浮墩托架预拼5.mp3

人工将第三组托架桁竖立好，与托架横联相连。横联通过M22×60的螺栓与托架桁立柱角钢连接。

起始状态: 隐藏		终止状态: 显示		移动节点: 1
1000	1	0	0	0	0	1	0	0	0	0	1	0	-0.3	0	0	1
1000	1	0	0	0	0	1	0	0	0	0	1	0	0	0	0	1

配合:		0


5	2
M22x60-36
第三组托架桁
没有标记
sound\大浮墩托架预拼5.mp3

人工将第三组托架桁竖立好，与托架横联相连。横联通过M22×60的螺栓与托架桁立柱角钢连接。

起始状态: 隐藏		终止状态: 显示		移动节点: 1
1000	1	0	0	0	0	1	0	0	0	0	1	0	-0.3	0	0	1
1000	1	0	0	0	0	1	0	0	0	0	1	0	0	0	0	1

配合:		0


5	2
M22x60-188
第三组托架桁
没有标记
sound\大浮墩托架预拼5.mp3

人工将第三组托架桁竖立好，与托架横联相连。横联通过M22×60的螺栓与托架桁立柱角钢连接。

起始状态: 隐藏		终止状态: 显示		移动节点: 1
1000	1	0	0	0	0	1	0	0	0	0	1	0	-0.3	0	0	1
1000	1	0	0	0	0	1	0	0	0	0	1	0	0	0	0	1

配合:		0


5	2
M22螺母-346
第三组托架桁
没有标记
sound\大浮墩托架预拼5.mp3

人工将第三组托架桁竖立好，与托架横联相连。横联通过M22×60的螺栓与托架桁立柱角钢连接。

起始状态: 隐藏		终止状态: 显示		移动节点: 1
1000	1	0	0	0	0	1	0	0	0	0	1	0	0	0	0.3	1
1000	1	0	0	0	0	1	0	0	0	0	1	0	0	0	0	1

配合:		0


5	2
M22螺母-386
第三组托架桁
没有标记
sound\大浮墩托架预拼5.mp3

人工将第三组托架桁竖立好，与托架横联相连。横联通过M22×60的螺栓与托架桁立柱角钢连接。

起始状态: 隐藏		终止状态: 显示		移动节点: 1
1000	1	0	0	0	0	1	0	0	0	0	1	0	0	0	0.3	1
1000	1	0	0	0	0	1	0	0	0	0	1	0	0	0	0	1

配合:		0


5	2
垫圈M22-285
第三组托架桁
没有标记
sound\大浮墩托架预拼5.mp3

人工将第三组托架桁竖立好，与托架横联相连。横联通过M22×60的螺栓与托架桁立柱角钢连接。

起始状态: 隐藏		终止状态: 显示		移动节点: 1
1000	1	0	0	0	0	1	0	0	0	0	1	0	-0.3	0	0	1
1000	1	0	0	0	0	1	0	0	0	0	1	0	0	0	0	1

配合:		0


5	2
垫圈M22-151
第三组托架桁
没有标记
sound\大浮墩托架预拼5.mp3

人工将第三组托架桁竖立好，与托架横联相连。横联通过M22×60的螺栓与托架桁立柱角钢连接。

起始状态: 隐藏		终止状态: 显示		移动节点: 1
1000	1	0	0	0	0	1	0	0	0	0	1	0	-0.3	0	0	1
1000	1	0	0	0	0	1	0	0	0	0	1	0	0	0	0	1

配合:		0


5	2
垫圈M22-284
第三组托架桁
没有标记
sound\大浮墩托架预拼5.mp3

人工将第三组托架桁竖立好，与托架横联相连。横联通过M22×60的螺栓与托架桁立柱角钢连接。

起始状态: 隐藏		终止状态: 显示		移动节点: 1
1000	1	0	0	0	0	1	0	0	0	0	1	0	-0.3	0	0	1
1000	1	0	0	0	0	1	0	0	0	0	1	0	0	0	0	1

配合:		0


5	2
垫圈M22-286
第三组托架桁
没有标记
sound\大浮墩托架预拼5.mp3

人工将第三组托架桁竖立好，与托架横联相连。横联通过M22×60的螺栓与托架桁立柱角钢连接。

起始状态: 隐藏		终止状态: 显示		移动节点: 1
1000	1	0	0	0	0	1	0	0	0	0	1	0	-0.3	0	0	1
1000	1	0	0	0	0	1	0	0	0	0	1	0	0	0	0	1

配合:		0


5	2
M22x60-192
第三组托架桁
没有标记
sound\大浮墩托架预拼5.mp3

人工将第三组托架桁竖立好，与托架横联相连。横联通过M22×60的螺栓与托架桁立柱角钢连接。

起始状态: 隐藏		终止状态: 显示		移动节点: 1
1000	1	0	0	0	0	1	0	0	0	0	1	0	-0.3	0	0	1
1000	1	0	0	0	0	1	0	0	0	0	1	0	0	0	0	1

配合:		0


5	2
垫圈M22-154
第三组托架桁
没有标记
sound\大浮墩托架预拼5.mp3

人工将第三组托架桁竖立好，与托架横联相连。横联通过M22×60的螺栓与托架桁立柱角钢连接。

起始状态: 隐藏		终止状态: 显示		移动节点: 1
1000	1	0	0	0	0	1	0	0	0	0	1	0	-0.3	0	0	1
1000	1	0	0	0	0	1	0	0	0	0	1	0	0	0	0	1

配合:		0


5	2
M22x60-196
第三组托架桁
没有标记
sound\大浮墩托架预拼5.mp3

人工将第三组托架桁竖立好，与托架横联相连。横联通过M22×60的螺栓与托架桁立柱角钢连接。

起始状态: 隐藏		终止状态: 显示		移动节点: 1
1000	1	0	0	0	0	1	0	0	0	0	1	0	-0.3	0	0	1
1000	1	0	0	0	0	1	0	0	0	0	1	0	0	0	0	1

配合:		0


5	2
M22螺母-198
第三组托架桁
没有标记
sound\大浮墩托架预拼5.mp3

人工将第三组托架桁竖立好，与托架横联相连。横联通过M22×60的螺栓与托架桁立柱角钢连接。

起始状态: 隐藏		终止状态: 显示		移动节点: 1
1000	1	0	0	0	0	1	0	0	0	0	1	0	0	0	0.3	1
1000	1	0	0	0	0	1	0	0	0	0	1	0	0	0	0	1

配合:		0


5	2
垫圈M22-288
第三组托架桁
没有标记
sound\大浮墩托架预拼5.mp3

人工将第三组托架桁竖立好，与托架横联相连。横联通过M22×60的螺栓与托架桁立柱角钢连接。

起始状态: 隐藏		终止状态: 显示		移动节点: 1
1000	1	0	0	0	0	1	0	0	0	0	1	0	-0.3	0	0	1
1000	1	0	0	0	0	1	0	0	0	0	1	0	0	0	0	1

配合:		0


5	2
M22螺母-383
第三组托架桁
没有标记
sound\大浮墩托架预拼5.mp3

人工将第三组托架桁竖立好，与托架横联相连。横联通过M22×60的螺栓与托架桁立柱角钢连接。

起始状态: 隐藏		终止状态: 显示		移动节点: 1
1000	1	0	0	0	0	1	0	0	0	0	1	0	0	0	0.3	1
1000	1	0	0	0	0	1	0	0	0	0	1	0	0	0	0	1

配合:		0


5	2
M22螺母-384
第三组托架桁
没有标记
sound\大浮墩托架预拼5.mp3

人工将第三组托架桁竖立好，与托架横联相连。横联通过M22×60的螺栓与托架桁立柱角钢连接。

起始状态: 隐藏		终止状态: 显示		移动节点: 1
1000	1	0	0	0	0	1	0	0	0	0	1	0	0	0	0.3	1
1000	1	0	0	0	0	1	0	0	0	0	1	0	0	0	0	1

配合:		0


5	2
M22x60-31
第三组托架桁
没有标记
sound\大浮墩托架预拼5.mp3

人工将第三组托架桁竖立好，与托架横联相连。横联通过M22×60的螺栓与托架桁立柱角钢连接。

起始状态: 隐藏		终止状态: 显示		移动节点: 1
1000	1	0	0	0	0	1	0	0	0	0	1	0	-0.3	0	0	1
1000	1	0	0	0	0	1	0	0	0	0	1	0	0	0	0	1

配合:		0


5	2
垫圈M22-26
第三组托架桁
没有标记
sound\大浮墩托架预拼5.mp3

人工将第三组托架桁竖立好，与托架横联相连。横联通过M22×60的螺栓与托架桁立柱角钢连接。

起始状态: 隐藏		终止状态: 显示		移动节点: 1
1000	1	0	0	0	0	1	0	0	0	0	1	0	-0.3	0	0	1
1000	1	0	0	0	0	1	0	0	0	0	1	0	0	0	0	1

配合:		0


5	2
M22螺母-389
第三组托架桁
没有标记
sound\大浮墩托架预拼5.mp3

人工将第三组托架桁竖立好，与托架横联相连。横联通过M22×60的螺栓与托架桁立柱角钢连接。

起始状态: 隐藏		终止状态: 显示		移动节点: 1
1000	1	0	0	0	0	1	0	0	0	0	1	0	0	0	0.3	1
1000	1	0	0	0	0	1	0	0	0	0	1	0	0	0	0	1

配合:		0


5	2
M22螺母-387
第三组托架桁
没有标记
sound\大浮墩托架预拼5.mp3

人工将第三组托架桁竖立好，与托架横联相连。横联通过M22×60的螺栓与托架桁立柱角钢连接。

起始状态: 隐藏		终止状态: 显示		移动节点: 1
1000	1	0	0	0	0	1	0	0	0	0	1	0	0	0	0.3	1
1000	1	0	0	0	0	1	0	0	0	0	1	0	0	0	0	1

配合:		0


5	2
M22螺母-390
第三组托架桁
没有标记
sound\大浮墩托架预拼5.mp3

人工将第三组托架桁竖立好，与托架横联相连。横联通过M22×60的螺栓与托架桁立柱角钢连接。

起始状态: 隐藏		终止状态: 显示		移动节点: 1
1000	1	0	0	0	0	1	0	0	0	0	1	0	0	0	0.3	1
1000	1	0	0	0	0	1	0	0	0	0	1	0	0	0	0	1

配合:		0


5	2
M22x60-191
第三组托架桁
没有标记
sound\大浮墩托架预拼5.mp3

人工将第三组托架桁竖立好，与托架横联相连。横联通过M22×60的螺栓与托架桁立柱角钢连接。

起始状态: 隐藏		终止状态: 显示		移动节点: 1
1000	1	0	0	0	0	1	0	0	0	0	1	0	-0.3	0	0	1
1000	1	0	0	0	0	1	0	0	0	0	1	0	0	0	0	1

配合:		0


5	2
M22x60-194
第三组托架桁
没有标记
sound\大浮墩托架预拼5.mp3

人工将第三组托架桁竖立好，与托架横联相连。横联通过M22×60的螺栓与托架桁立柱角钢连接。

起始状态: 隐藏		终止状态: 显示		移动节点: 1
1000	1	0	0	0	0	1	0	0	0	0	1	0	-0.3	0	0	1
1000	1	0	0	0	0	1	0	0	0	0	1	0	0	0	0	1

配合:		0


5	2
M22螺母-257
第三组托架桁
没有标记
sound\大浮墩托架预拼5.mp3

人工将第三组托架桁竖立好，与托架横联相连。横联通过M22×60的螺栓与托架桁立柱角钢连接。

起始状态: 隐藏		终止状态: 显示		移动节点: 1
1000	1	0	0	0	0	1	0	0	0	0	1	0	0	0	0.3	1
1000	1	0	0	0	0	1	0	0	0	0	1	0	0	0	0	1

配合:		0


5	2
M22x60-33
第三组托架桁
没有标记
sound\大浮墩托架预拼5.mp3

人工将第三组托架桁竖立好，与托架横联相连。横联通过M22×60的螺栓与托架桁立柱角钢连接。

起始状态: 隐藏		终止状态: 显示		移动节点: 1
1000	1	0	0	0	0	1	0	0	0	0	1	0	-0.3	0	0	1
1000	1	0	0	0	0	1	0	0	0	0	1	0	0	0	0	1

配合:		0


5	2
M22x60-193
第三组托架桁
没有标记
sound\大浮墩托架预拼5.mp3

人工将第三组托架桁竖立好，与托架横联相连。横联通过M22×60的螺栓与托架桁立柱角钢连接。

起始状态: 隐藏		终止状态: 显示		移动节点: 1
1000	1	0	0	0	0	1	0	0	0	0	1	0	-0.3	0	0	1
1000	1	0	0	0	0	1	0	0	0	0	1	0	0	0	0	1

配合:		0


6	1
托架横联-7
托架横联连接
没有标记
sound\大浮墩托架预拼6.mp3

第三组托架横联包括两片，与前一组托架横联交叉安装。

起始状态: 隐藏		终止状态: 显示		移动节点: 1
1500	1	0	0	0	0	1	0	0	0	0	1	0	1	0	0	1
1000	1	0	0	0	0	1	0	0	0	0	1	0	0	0	0	1

配合:		1
没有标记
托架横联-7	0	4
托架桁-6	8	0


6	1
托架横联-12
托架横联连接
没有标记
sound\大浮墩托架预拼6.mp3

第三组托架横联包括两片，与前一组托架横联交叉安装。

起始状态: 隐藏		终止状态: 显示		移动节点: 1
1500	1	0	0	0	0	1	0	0	0	0	1	0	-1	0	0	1
1000	1	0	0	0	0	1	0	0	0	0	1	0	0	0	0	1

配合:		0


6	2
垫圈M22-307
托架横联连接
没有标记
sound\大浮墩托架预拼6.mp3

第三组托架横联包括两片，与前一组托架横联交叉安装。

起始状态: 隐藏		终止状态: 显示		移动节点: 1
1000	1	0	0	0	0	1	0	0	0	0	1	0	-0.3	0	0	1
1000	1	0	0	0	0	1	0	0	0	0	1	0	0	0	0	1

配合:		0


6	2
M22螺母-266
托架横联连接
没有标记
sound\大浮墩托架预拼6.mp3

第三组托架横联包括两片，与前一组托架横联交叉安装。

起始状态: 隐藏		终止状态: 显示		移动节点: 1
1000	1	0	0	0	0	1	0	0	0	0	1	0	0	0	0.3	1
1000	1	0	0	0	0	1	0	0	0	0	1	0	0	0	0	1

配合:		0


6	2
M22x60-43
托架横联连接
没有标记
sound\大浮墩托架预拼6.mp3

第三组托架横联包括两片，与前一组托架横联交叉安装。

起始状态: 隐藏		终止状态: 显示		移动节点: 1
1000	1	0	0	0	0	1	0	0	0	0	1	0	-0.3	0	0	1
1000	1	0	0	0	0	1	0	0	0	0	1	0	0	0	0	1

配合:		0


6	2
M22x60-170
托架横联连接
没有标记
sound\大浮墩托架预拼6.mp3

第三组托架横联包括两片，与前一组托架横联交叉安装。

起始状态: 隐藏		终止状态: 显示		移动节点: 1
1000	1	0	0	0	0	1	0	0	0	0	1	0	-0.3	0	0	1
1000	1	0	0	0	0	1	0	0	0	0	1	0	0	0	0	1

配合:		0


6	2
垫圈M22-306
托架横联连接
没有标记
sound\大浮墩托架预拼6.mp3

第三组托架横联包括两片，与前一组托架横联交叉安装。

起始状态: 隐藏		终止状态: 显示		移动节点: 1
1000	1	0	0	0	0	1	0	0	0	0	1	0	-0.3	0	0	1
1000	1	0	0	0	0	1	0	0	0	0	1	0	0	0	0	1

配合:		0


6	2
M22x60-46
托架横联连接
没有标记
sound\大浮墩托架预拼6.mp3

第三组托架横联包括两片，与前一组托架横联交叉安装。

起始状态: 隐藏		终止状态: 显示		移动节点: 1
1000	1	0	0	0	0	1	0	0	0	0	1	0	-0.3	0	0	1
1000	1	0	0	0	0	1	0	0	0	0	1	0	0	0	0	1

配合:		0


6	2
M22螺母-406
托架横联连接
没有标记
sound\大浮墩托架预拼6.mp3

第三组托架横联包括两片，与前一组托架横联交叉安装。

起始状态: 隐藏		终止状态: 显示		移动节点: 1
1000	1	0	0	0	0	1	0	0	0	0	1	0	0	0	0.3	1
1000	1	0	0	0	0	1	0	0	0	0	1	0	0	0	0	1

配合:		0


6	2
垫圈M22-170
托架横联连接
没有标记
sound\大浮墩托架预拼6.mp3

第三组托架横联包括两片，与前一组托架横联交叉安装。

起始状态: 隐藏		终止状态: 显示		移动节点: 1
1000	1	0	0	0	0	1	0	0	0	0	1	0	-0.3	0	0	1
1000	1	0	0	0	0	1	0	0	0	0	1	0	0	0	0	1

配合:		0


6	2
M22螺母-264
托架横联连接
没有标记
sound\大浮墩托架预拼6.mp3

第三组托架横联包括两片，与前一组托架横联交叉安装。

起始状态: 隐藏		终止状态: 显示		移动节点: 1
1000	1	0	0	0	0	1	0	0	0	0	1	0	0	0	0.3	1
1000	1	0	0	0	0	1	0	0	0	0	1	0	0	0	0	1

配合:		0


6	2
M22螺母-269
托架横联连接
没有标记
sound\大浮墩托架预拼6.mp3

第三组托架横联包括两片，与前一组托架横联交叉安装。

起始状态: 隐藏		终止状态: 显示		移动节点: 1
1000	1	0	0	0	0	1	0	0	0	0	1	0	0	0	0.3	1
1000	1	0	0	0	0	1	0	0	0	0	1	0	0	0	0	1

配合:		0


6	2
M22x60-49
托架横联连接
没有标记
sound\大浮墩托架预拼6.mp3

第三组托架横联包括两片，与前一组托架横联交叉安装。

起始状态: 隐藏		终止状态: 显示		移动节点: 1
1000	1	0	0	0	0	1	0	0	0	0	1	0	-0.3	0	0	1
1000	1	0	0	0	0	1	0	0	0	0	1	0	0	0	0	1

配合:		0


6	2
垫圈M22-309
托架横联连接
没有标记
sound\大浮墩托架预拼6.mp3

第三组托架横联包括两片，与前一组托架横联交叉安装。

起始状态: 隐藏		终止状态: 显示		移动节点: 1
1000	1	0	0	0	0	1	0	0	0	0	1	0	-0.3	0	0	1
1000	1	0	0	0	0	1	0	0	0	0	1	0	0	0	0	1

配合:		0


6	2
M22螺母-408
托架横联连接
没有标记
sound\大浮墩托架预拼6.mp3

第三组托架横联包括两片，与前一组托架横联交叉安装。

起始状态: 隐藏		终止状态: 显示		移动节点: 1
1000	1	0	0	0	0	1	0	0	0	0	1	0	0	0	0.3	1
1000	1	0	0	0	0	1	0	0	0	0	1	0	0	0	0	1

配合:		0


6	2
M22x60-41
托架横联连接
没有标记
sound\大浮墩托架预拼6.mp3

第三组托架横联包括两片，与前一组托架横联交叉安装。

起始状态: 隐藏		终止状态: 显示		移动节点: 1
1000	1	0	0	0	0	1	0	0	0	0	1	0	-0.3	0	0	1
1000	1	0	0	0	0	1	0	0	0	0	1	0	0	0	0	1

配合:		0


6	2
垫圈M22-167
托架横联连接
没有标记
sound\大浮墩托架预拼6.mp3

第三组托架横联包括两片，与前一组托架横联交叉安装。

起始状态: 隐藏		终止状态: 显示		移动节点: 1
1000	1	0	0	0	0	1	0	0	0	0	1	0	-0.3	0	0	1
1000	1	0	0	0	0	1	0	0	0	0	1	0	0	0	0	1

配合:		0


6	2
M22x60-44
托架横联连接
没有标记
sound\大浮墩托架预拼6.mp3

第三组托架横联包括两片，与前一组托架横联交叉安装。

起始状态: 隐藏		终止状态: 显示		移动节点: 1
1000	1	0	0	0	0	1	0	0	0	0	1	0	-0.3	0	0	1
1000	1	0	0	0	0	1	0	0	0	0	1	0	0	0	0	1

配合:		0


6	2
M22螺母-267
托架横联连接
没有标记
sound\大浮墩托架预拼6.mp3

第三组托架横联包括两片，与前一组托架横联交叉安装。

起始状态: 隐藏		终止状态: 显示		移动节点: 1
1000	1	0	0	0	0	1	0	0	0	0	1	0	0	0	0.3	1
1000	1	0	0	0	0	1	0	0	0	0	1	0	0	0	0	1

配合:		0


6	2
垫圈M22-305
托架横联连接
没有标记
sound\大浮墩托架预拼6.mp3

第三组托架横联包括两片，与前一组托架横联交叉安装。

起始状态: 隐藏		终止状态: 显示		移动节点: 1
1000	1	0	0	0	0	1	0	0	0	0	1	0	-0.3	0	0	1
1000	1	0	0	0	0	1	0	0	0	0	1	0	0	0	0	1

配合:		0


6	2
M22x60-47
托架横联连接
没有标记
sound\大浮墩托架预拼6.mp3

第三组托架横联包括两片，与前一组托架横联交叉安装。

起始状态: 隐藏		终止状态: 显示		移动节点: 1
1000	1	0	0	0	0	1	0	0	0	0	1	0	-0.3	0	0	1
1000	1	0	0	0	0	1	0	0	0	0	1	0	0	0	0	1

配合:		0


6	2
垫圈M22-165
托架横联连接
没有标记
sound\大浮墩托架预拼6.mp3

第三组托架横联包括两片，与前一组托架横联交叉安装。

起始状态: 隐藏		终止状态: 显示		移动节点: 1
1000	1	0	0	0	0	1	0	0	0	0	1	0	-0.3	0	0	1
1000	1	0	0	0	0	1	0	0	0	0	1	0	0	0	0	1

配合:		0


6	2
M22x60-175
托架横联连接
没有标记
sound\大浮墩托架预拼6.mp3

第三组托架横联包括两片，与前一组托架横联交叉安装。

起始状态: 隐藏		终止状态: 显示		移动节点: 1
1000	1	0	0	0	0	1	0	0	0	0	1	0	-0.3	0	0	1
1000	1	0	0	0	0	1	0	0	0	0	1	0	0	0	0	1

配合:		0


6	2
垫圈M22-310
托架横联连接
没有标记
sound\大浮墩托架预拼6.mp3

第三组托架横联包括两片，与前一组托架横联交叉安装。

起始状态: 隐藏		终止状态: 显示		移动节点: 1
1000	1	0	0	0	0	1	0	0	0	0	1	0	-0.3	0	0	1
1000	1	0	0	0	0	1	0	0	0	0	1	0	0	0	0	1

配合:		0


6	2
M22螺母-409
托架横联连接
没有标记
sound\大浮墩托架预拼6.mp3

第三组托架横联包括两片，与前一组托架横联交叉安装。

起始状态: 隐藏		终止状态: 显示		移动节点: 1
1000	1	0	0	0	0	1	0	0	0	0	1	0	0	0	0.3	1
1000	1	0	0	0	0	1	0	0	0	0	1	0	0	0	0	1

配合:		0


6	2
M22螺母-405
托架横联连接
没有标记
sound\大浮墩托架预拼6.mp3

第三组托架横联包括两片，与前一组托架横联交叉安装。

起始状态: 隐藏		终止状态: 显示		移动节点: 1
1000	1	0	0	0	0	1	0	0	0	0	1	0	0	0	0.3	1
1000	1	0	0	0	0	1	0	0	0	0	1	0	0	0	0	1

配合:		0


6	2
M22螺母-263
托架横联连接
没有标记
sound\大浮墩托架预拼6.mp3

第三组托架横联包括两片，与前一组托架横联交叉安装。

起始状态: 隐藏		终止状态: 显示		移动节点: 1
1000	1	0	0	0	0	1	0	0	0	0	1	0	0	0	0.3	1
1000	1	0	0	0	0	1	0	0	0	0	1	0	0	0	0	1

配合:		0


6	2
M22x60-171
托架横联连接
没有标记
sound\大浮墩托架预拼6.mp3

第三组托架横联包括两片，与前一组托架横联交叉安装。

起始状态: 隐藏		终止状态: 显示		移动节点: 1
1000	1	0	0	0	0	1	0	0	0	0	1	0	-0.3	0	0	1
1000	1	0	0	0	0	1	0	0	0	0	1	0	0	0	0	1

配合:		0


6	2
垫圈M22-308
托架横联连接
没有标记
sound\大浮墩托架预拼6.mp3

第三组托架横联包括两片，与前一组托架横联交叉安装。

起始状态: 隐藏		终止状态: 显示		移动节点: 1
1000	1	0	0	0	0	1	0	0	0	0	1	0	-0.3	0	0	1
1000	1	0	0	0	0	1	0	0	0	0	1	0	0	0	0	1

配合:		0


6	2
M22x60-174
托架横联连接
没有标记
sound\大浮墩托架预拼6.mp3

第三组托架横联包括两片，与前一组托架横联交叉安装。

起始状态: 隐藏		终止状态: 显示		移动节点: 1
1000	1	0	0	0	0	1	0	0	0	0	1	0	-0.3	0	0	1
1000	1	0	0	0	0	1	0	0	0	0	1	0	0	0	0	1

配合:		0


6	2
M22螺母-404
托架横联连接
没有标记
sound\大浮墩托架预拼6.mp3

第三组托架横联包括两片，与前一组托架横联交叉安装。

起始状态: 隐藏		终止状态: 显示		移动节点: 1
1000	1	0	0	0	0	1	0	0	0	0	1	0	0	0	0.3	1
1000	1	0	0	0	0	1	0	0	0	0	1	0	0	0	0	1

配合:		0


6	2
垫圈M22-164
托架横联连接
没有标记
sound\大浮墩托架预拼6.mp3

第三组托架横联包括两片，与前一组托架横联交叉安装。

起始状态: 隐藏		终止状态: 显示		移动节点: 1
1000	1	0	0	0	0	1	0	0	0	0	1	0	-0.3	0	0	1
1000	1	0	0	0	0	1	0	0	0	0	1	0	0	0	0	1

配合:		0


6	2
M22螺母-407
托架横联连接
没有标记
sound\大浮墩托架预拼6.mp3

第三组托架横联包括两片，与前一组托架横联交叉安装。

起始状态: 隐藏		终止状态: 显示		移动节点: 1
1000	1	0	0	0	0	1	0	0	0	0	1	0	0	0	0.3	1
1000	1	0	0	0	0	1	0	0	0	0	1	0	0	0	0	1

配合:		0


6	2
垫圈M22-162
托架横联连接
没有标记
sound\大浮墩托架预拼6.mp3

第三组托架横联包括两片，与前一组托架横联交叉安装。

起始状态: 隐藏		终止状态: 显示		移动节点: 1
1000	1	0	0	0	0	1	0	0	0	0	1	0	-0.3	0	0	1
1000	1	0	0	0	0	1	0	0	0	0	1	0	0	0	0	1

配合:		0


6	2
M22螺母-261
托架横联连接
没有标记
sound\大浮墩托架预拼6.mp3

第三组托架横联包括两片，与前一组托架横联交叉安装。

起始状态: 隐藏		终止状态: 显示		移动节点: 1
1000	1	0	0	0	0	1	0	0	0	0	1	0	0	0	0.3	1
1000	1	0	0	0	0	1	0	0	0	0	1	0	0	0	0	1

配合:		0


6	2
垫圈M22-168
托架横联连接
没有标记
sound\大浮墩托架预拼6.mp3

第三组托架横联包括两片，与前一组托架横联交叉安装。

起始状态: 隐藏		终止状态: 显示		移动节点: 1
1000	1	0	0	0	0	1	0	0	0	0	1	0	-0.3	0	0	1
1000	1	0	0	0	0	1	0	0	0	0	1	0	0	0	0	1

配合:		0


6	2
M22x60-172
托架横联连接
没有标记
sound\大浮墩托架预拼6.mp3

第三组托架横联包括两片，与前一组托架横联交叉安装。

起始状态: 隐藏		终止状态: 显示		移动节点: 1
1000	1	0	0	0	0	1	0	0	0	0	1	0	-0.3	0	0	1
1000	1	0	0	0	0	1	0	0	0	0	1	0	0	0	0	1

配合:		0


6	2
M22x60-173
托架横联连接
没有标记
sound\大浮墩托架预拼6.mp3

第三组托架横联包括两片，与前一组托架横联交叉安装。

起始状态: 隐藏		终止状态: 显示		移动节点: 1
1000	1	0	0	0	0	1	0	0	0	0	1	0	-0.3	0	0	1
1000	1	0	0	0	0	1	0	0	0	0	1	0	0	0	0	1

配合:		0


7	1
托架桁-4
第四组托架桁
没有标记
sound\大浮墩托架预拼7.mp3

人工将第三组托架桁竖立好，与托架横联相连。横联通过M22×60的螺栓与托架桁立柱角钢连接。

起始状态: 隐藏		终止状态: 显示		移动节点: 1
1500	1	0	0	0	0	1	0	0	0	0	1	0	0	0	-1	1
1000	1	0	0	0	0	1	0	0	0	0	1	0	0	0	0	1

配合:		1
没有标记
托架桁-4	6	0
托架横联-12	0	4


7	2
垫圈M22-159
第四组托架桁
没有标记
sound\大浮墩托架预拼7.mp3

人工将第三组托架桁竖立好，与托架横联相连。横联通过M22×60的螺栓与托架桁立柱角钢连接。

起始状态: 隐藏		终止状态: 显示		移动节点: 1
1000	1	0	0	0	0	1	0	0	0	0	1	0	-0.3	0	0	1
1000	1	0	0	0	0	1	0	0	0	0	1	0	0	0	0	1

配合:		0


7	2
垫圈M22-172
第四组托架桁
没有标记
sound\大浮墩托架预拼7.mp3

人工将第三组托架桁竖立好，与托架横联相连。横联通过M22×60的螺栓与托架桁立柱角钢连接。

起始状态: 隐藏		终止状态: 显示		移动节点: 1
1000	1	0	0	0	0	1	0	0	0	0	1	0	-0.3	0	0	1
1000	1	0	0	0	0	1	0	0	0	0	1	0	0	0	0	1

配合:		0


7	2
垫圈M22-173
第四组托架桁
没有标记
sound\大浮墩托架预拼7.mp3

人工将第三组托架桁竖立好，与托架横联相连。横联通过M22×60的螺栓与托架桁立柱角钢连接。

起始状态: 隐藏		终止状态: 显示		移动节点: 1
1000	1	0	0	0	0	1	0	0	0	0	1	0	-0.3	0	0	1
1000	1	0	0	0	0	1	0	0	0	0	1	0	0	0	0	1

配合:		0


7	2
垫圈M22-169
第四组托架桁
没有标记
sound\大浮墩托架预拼7.mp3

人工将第三组托架桁竖立好，与托架横联相连。横联通过M22×60的螺栓与托架桁立柱角钢连接。

起始状态: 隐藏		终止状态: 显示		移动节点: 1
1000	1	0	0	0	0	1	0	0	0	0	1	0	-0.3	0	0	1
1000	1	0	0	0	0	1	0	0	0	0	1	0	0	0	0	1

配合:		0


7	2
M22螺母-411
第四组托架桁
没有标记
sound\大浮墩托架预拼7.mp3

人工将第三组托架桁竖立好，与托架横联相连。横联通过M22×60的螺栓与托架桁立柱角钢连接。

起始状态: 隐藏		终止状态: 显示		移动节点: 1
1000	1	0	0	0	0	1	0	0	0	0	1	0	0	0	0.3	1
1000	1	0	0	0	0	1	0	0	0	0	1	0	0	0	0	1

配合:		0


7	2
垫圈M22-161
第四组托架桁
没有标记
sound\大浮墩托架预拼7.mp3

人工将第三组托架桁竖立好，与托架横联相连。横联通过M22×60的螺栓与托架桁立柱角钢连接。

起始状态: 隐藏		终止状态: 显示		移动节点: 1
1000	1	0	0	0	0	1	0	0	0	0	1	0	-0.3	0	0	1
1000	1	0	0	0	0	1	0	0	0	0	1	0	0	0	0	1

配合:		0


7	2
M22螺母-410
第四组托架桁
没有标记
sound\大浮墩托架预拼7.mp3

人工将第三组托架桁竖立好，与托架横联相连。横联通过M22×60的螺栓与托架桁立柱角钢连接。

起始状态: 隐藏		终止状态: 显示		移动节点: 1
1000	1	0	0	0	0	1	0	0	0	0	1	0	0	0	0.3	1
1000	1	0	0	0	0	1	0	0	0	0	1	0	0	0	0	1

配合:		0


7	2
M22螺母-412
第四组托架桁
没有标记
sound\大浮墩托架预拼7.mp3

人工将第三组托架桁竖立好，与托架横联相连。横联通过M22×60的螺栓与托架桁立柱角钢连接。

起始状态: 隐藏		终止状态: 显示		移动节点: 1
1000	1	0	0	0	0	1	0	0	0	0	1	0	0	0	0.3	1
1000	1	0	0	0	0	1	0	0	0	0	1	0	0	0	0	1

配合:		0


7	2
M22x60-178
第四组托架桁
没有标记
sound\大浮墩托架预拼7.mp3

人工将第三组托架桁竖立好，与托架横联相连。横联通过M22×60的螺栓与托架桁立柱角钢连接。

起始状态: 隐藏		终止状态: 显示		移动节点: 1
1000	1	0	0	0	0	1	0	0	0	0	1	0	-0.3	0	0	1
1000	1	0	0	0	0	1	0	0	0	0	1	0	0	0	0	1

配合:		0


7	2
M22x60-14
第四组托架桁
没有标记
sound\大浮墩托架预拼7.mp3

人工将第三组托架桁竖立好，与托架横联相连。横联通过M22×60的螺栓与托架桁立柱角钢连接。

起始状态: 隐藏		终止状态: 显示		移动节点: 1
1000	1	0	0	0	0	1	0	0	0	0	1	0	-0.3	0	0	1
1000	1	0	0	0	0	1	0	0	0	0	1	0	0	0	0	1

配合:		0


7	2
M22螺母-260
第四组托架桁
没有标记
sound\大浮墩托架预拼7.mp3

人工将第三组托架桁竖立好，与托架横联相连。横联通过M22×60的螺栓与托架桁立柱角钢连接。

起始状态: 隐藏		终止状态: 显示		移动节点: 1
1000	1	0	0	0	0	1	0	0	0	0	1	0	0	0	0.3	1
1000	1	0	0	0	0	1	0	0	0	0	1	0	0	0	0	1

配合:		0


7	2
M22螺母-258
第四组托架桁
没有标记
sound\大浮墩托架预拼7.mp3

人工将第三组托架桁竖立好，与托架横联相连。横联通过M22×60的螺栓与托架桁立柱角钢连接。

起始状态: 隐藏		终止状态: 显示		移动节点: 1
1000	1	0	0	0	0	1	0	0	0	0	1	0	0	0	0.3	1
1000	1	0	0	0	0	1	0	0	0	0	1	0	0	0	0	1

配合:		0


7	2
垫圈M22-311
第四组托架桁
没有标记
sound\大浮墩托架预拼7.mp3

人工将第三组托架桁竖立好，与托架横联相连。横联通过M22×60的螺栓与托架桁立柱角钢连接。

起始状态: 隐藏		终止状态: 显示		移动节点: 1
1000	1	0	0	0	0	1	0	0	0	0	1	0	-0.3	0	0	1
1000	1	0	0	0	0	1	0	0	0	0	1	0	0	0	0	1

配合:		0


7	2
M22x60-177
第四组托架桁
没有标记
sound\大浮墩托架预拼7.mp3

人工将第三组托架桁竖立好，与托架横联相连。横联通过M22×60的螺栓与托架桁立柱角钢连接。

起始状态: 隐藏		终止状态: 显示		移动节点: 1
1000	1	0	0	0	0	1	0	0	0	0	1	0	-0.3	0	0	1
1000	1	0	0	0	0	1	0	0	0	0	1	0	0	0	0	1

配合:		0


7	2
M22x60-51
第四组托架桁
没有标记
sound\大浮墩托架预拼7.mp3

人工将第三组托架桁竖立好，与托架横联相连。横联通过M22×60的螺栓与托架桁立柱角钢连接。

起始状态: 隐藏		终止状态: 显示		移动节点: 1
1000	1	0	0	0	0	1	0	0	0	0	1	0	-0.3	0	0	1
1000	1	0	0	0	0	1	0	0	0	0	1	0	0	0	0	1

配合:		0


7	2
垫圈M22-171
第四组托架桁
没有标记
sound\大浮墩托架预拼7.mp3

人工将第三组托架桁竖立好，与托架横联相连。横联通过M22×60的螺栓与托架桁立柱角钢连接。

起始状态: 隐藏		终止状态: 显示		移动节点: 1
1000	1	0	0	0	0	1	0	0	0	0	1	0	-0.3	0	0	1
1000	1	0	0	0	0	1	0	0	0	0	1	0	0	0	0	1

配合:		0


7	2
垫圈M22-160
第四组托架桁
没有标记
sound\大浮墩托架预拼7.mp3

人工将第三组托架桁竖立好，与托架横联相连。横联通过M22×60的螺栓与托架桁立柱角钢连接。

起始状态: 隐藏		终止状态: 显示		移动节点: 1
1000	1	0	0	0	0	1	0	0	0	0	1	0	-0.3	0	0	1
1000	1	0	0	0	0	1	0	0	0	0	1	0	0	0	0	1

配合:		0


7	2
M22x60-50
第四组托架桁
没有标记
sound\大浮墩托架预拼7.mp3

人工将第三组托架桁竖立好，与托架横联相连。横联通过M22×60的螺栓与托架桁立柱角钢连接。

起始状态: 隐藏		终止状态: 显示		移动节点: 1
1000	1	0	0	0	0	1	0	0	0	0	1	0	-0.3	0	0	1
1000	1	0	0	0	0	1	0	0	0	0	1	0	0	0	0	1

配合:		0


7	2
垫圈M22-163
第四组托架桁
没有标记
sound\大浮墩托架预拼7.mp3

人工将第三组托架桁竖立好，与托架横联相连。横联通过M22×60的螺栓与托架桁立柱角钢连接。

起始状态: 隐藏		终止状态: 显示		移动节点: 1
1000	1	0	0	0	0	1	0	0	0	0	1	0	-0.3	0	0	1
1000	1	0	0	0	0	1	0	0	0	0	1	0	0	0	0	1

配合:		0


7	2
M22螺母-262
第四组托架桁
没有标记
sound\大浮墩托架预拼7.mp3

人工将第三组托架桁竖立好，与托架横联相连。横联通过M22×60的螺栓与托架桁立柱角钢连接。

起始状态: 隐藏		终止状态: 显示		移动节点: 1
1000	1	0	0	0	0	1	0	0	0	0	1	0	0	0	0.3	1
1000	1	0	0	0	0	1	0	0	0	0	1	0	0	0	0	1

配合:		0


7	2
M22x60-42
第四组托架桁
没有标记
sound\大浮墩托架预拼7.mp3

人工将第三组托架桁竖立好，与托架横联相连。横联通过M22×60的螺栓与托架桁立柱角钢连接。

起始状态: 隐藏		终止状态: 显示		移动节点: 1
1000	1	0	0	0	0	1	0	0	0	0	1	0	-0.3	0	0	1
1000	1	0	0	0	0	1	0	0	0	0	1	0	0	0	0	1

配合:		0


7	2
垫圈M22-166
第四组托架桁
没有标记
sound\大浮墩托架预拼7.mp3

人工将第三组托架桁竖立好，与托架横联相连。横联通过M22×60的螺栓与托架桁立柱角钢连接。

起始状态: 隐藏		终止状态: 显示		移动节点: 1
1000	1	0	0	0	0	1	0	0	0	0	1	0	-0.3	0	0	1
1000	1	0	0	0	0	1	0	0	0	0	1	0	0	0	0	1

配合:		0


7	2
垫圈M22-312
第四组托架桁
没有标记
sound\大浮墩托架预拼7.mp3

人工将第三组托架桁竖立好，与托架横联相连。横联通过M22×60的螺栓与托架桁立柱角钢连接。

起始状态: 隐藏		终止状态: 显示		移动节点: 1
1000	1	0	0	0	0	1	0	0	0	0	1	0	-0.3	0	0	1
1000	1	0	0	0	0	1	0	0	0	0	1	0	0	0	0	1

配合:		0


7	2
M22螺母-272
第四组托架桁
没有标记
sound\大浮墩托架预拼7.mp3

人工将第三组托架桁竖立好，与托架横联相连。横联通过M22×60的螺栓与托架桁立柱角钢连接。

起始状态: 隐藏		终止状态: 显示		移动节点: 1
1000	1	0	0	0	0	1	0	0	0	0	1	0	0	0	0.3	1
1000	1	0	0	0	0	1	0	0	0	0	1	0	0	0	0	1

配合:		0


7	2
M22螺母-271
第四组托架桁
没有标记
sound\大浮墩托架预拼7.mp3

人工将第三组托架桁竖立好，与托架横联相连。横联通过M22×60的螺栓与托架桁立柱角钢连接。

起始状态: 隐藏		终止状态: 显示		移动节点: 1
1000	1	0	0	0	0	1	0	0	0	0	1	0	0	0	0.3	1
1000	1	0	0	0	0	1	0	0	0	0	1	0	0	0	0	1

配合:		0


7	2
M22螺母-270
第四组托架桁
没有标记
sound\大浮墩托架预拼7.mp3

人工将第三组托架桁竖立好，与托架横联相连。横联通过M22×60的螺栓与托架桁立柱角钢连接。

起始状态: 隐藏		终止状态: 显示		移动节点: 1
1000	1	0	0	0	0	1	0	0	0	0	1	0	0	0	0.3	1
1000	1	0	0	0	0	1	0	0	0	0	1	0	0	0	0	1

配合:		0


7	2
M22x60-48
第四组托架桁
没有标记
sound\大浮墩托架预拼7.mp3

人工将第三组托架桁竖立好，与托架横联相连。横联通过M22×60的螺栓与托架桁立柱角钢连接。

起始状态: 隐藏		终止状态: 显示		移动节点: 1
1000	1	0	0	0	0	1	0	0	0	0	1	0	-0.3	0	0	1
1000	1	0	0	0	0	1	0	0	0	0	1	0	0	0	0	1

配合:		0


7	2
M22螺母-265
第四组托架桁
没有标记
sound\大浮墩托架预拼7.mp3

人工将第三组托架桁竖立好，与托架横联相连。横联通过M22×60的螺栓与托架桁立柱角钢连接。

起始状态: 隐藏		终止状态: 显示		移动节点: 1
1000	1	0	0	0	0	1	0	0	0	0	1	0	0	0	0.3	1
1000	1	0	0	0	0	1	0	0	0	0	1	0	0	0	0	1

配合:		0


7	2
M22螺母-268
第四组托架桁
没有标记
sound\大浮墩托架预拼7.mp3

人工将第三组托架桁竖立好，与托架横联相连。横联通过M22×60的螺栓与托架桁立柱角钢连接。

起始状态: 隐藏		终止状态: 显示		移动节点: 1
1000	1	0	0	0	0	1	0	0	0	0	1	0	0	0	0.3	1
1000	1	0	0	0	0	1	0	0	0	0	1	0	0	0	0	1

配合:		0


7	2
M22x60-40
第四组托架桁
没有标记
sound\大浮墩托架预拼7.mp3

人工将第三组托架桁竖立好，与托架横联相连。横联通过M22×60的螺栓与托架桁立柱角钢连接。

起始状态: 隐藏		终止状态: 显示		移动节点: 1
1000	1	0	0	0	0	1	0	0	0	0	1	0	-0.3	0	0	1
1000	1	0	0	0	0	1	0	0	0	0	1	0	0	0	0	1

配合:		0


7	2
M22x60-45
第四组托架桁
没有标记
sound\大浮墩托架预拼7.mp3

人工将第三组托架桁竖立好，与托架横联相连。横联通过M22×60的螺栓与托架桁立柱角钢连接。

起始状态: 隐藏		终止状态: 显示		移动节点: 1
1000	1	0	0	0	0	1	0	0	0	0	1	0	-0.3	0	0	1
1000	1	0	0	0	0	1	0	0	0	0	1	0	0	0	0	1

配合:		0


7	2
M22螺母-259
第四组托架桁
没有标记
sound\大浮墩托架预拼7.mp3

人工将第三组托架桁竖立好，与托架横联相连。横联通过M22×60的螺栓与托架桁立柱角钢连接。

起始状态: 隐藏		终止状态: 显示		移动节点: 1
1000	1	0	0	0	0	1	0	0	0	0	1	0	0	0	0.3	1
1000	1	0	0	0	0	1	0	0	0	0	1	0	0	0	0	1

配合:		0


7	2
垫圈M22-313
第四组托架桁
没有标记
sound\大浮墩托架预拼7.mp3

人工将第三组托架桁竖立好，与托架横联相连。横联通过M22×60的螺栓与托架桁立柱角钢连接。

起始状态: 隐藏		终止状态: 显示		移动节点: 1
1000	1	0	0	0	0	1	0	0	0	0	1	0	-0.3	0	0	1
1000	1	0	0	0	0	1	0	0	0	0	1	0	0	0	0	1

配合:		0


7	2
M22x60-52
第四组托架桁
没有标记
sound\大浮墩托架预拼7.mp3

人工将第三组托架桁竖立好，与托架横联相连。横联通过M22×60的螺栓与托架桁立柱角钢连接。

起始状态: 隐藏		终止状态: 显示		移动节点: 1
1000	1	0	0	0	0	1	0	0	0	0	1	0	-0.3	0	0	1
1000	1	0	0	0	0	1	0	0	0	0	1	0	0	0	0	1

配合:		0


7	2
M22x60-176
第四组托架桁
没有标记
sound\大浮墩托架预拼7.mp3

人工将第三组托架桁竖立好，与托架横联相连。横联通过M22×60的螺栓与托架桁立柱角钢连接。

起始状态: 隐藏		终止状态: 显示		移动节点: 1
1000	1	0	0	0	0	1	0	0	0	0	1	0	-0.3	0	0	1
1000	1	0	0	0	0	1	0	0	0	0	1	0	0	0	0	1

配合:		0


7	2
M22x60-39
第四组托架桁
没有标记
sound\大浮墩托架预拼7.mp3

人工将第三组托架桁竖立好，与托架横联相连。横联通过M22×60的螺栓与托架桁立柱角钢连接。

起始状态: 隐藏		终止状态: 显示		移动节点: 1
1000	1	0	0	0	0	1	0	0	0	0	1	0	-0.3	0	0	1
1000	1	0	0	0	0	1	0	0	0	0	1	0	0	0	0	1

配合:		0


8	1
托架横联-8
托架横联连接
没有标记
sound\大浮墩托架预拼8.mp3

第四组托架横联为两片，与前一组横联安装在托架桁同一位置。

起始状态: 隐藏		终止状态: 显示		移动节点: 1
1500	1	0	0	0	0	1	0	0	0	0	1	0	1	0	0	1
1000	1	0	0	0	0	1	0	0	0	0	1	0	0	0	0	1

配合:		1
没有标记
托架横联-8	0	4
托架桁-4	8	0


8	1
托架横联-13
托架横联连接
没有标记
sound\大浮墩托架预拼8.mp3

第四组托架横联为两片，与前一组横联安装在托架桁同一位置。

起始状态: 隐藏		终止状态: 显示		移动节点: 1
1500	1	0	0	0	0	1	0	0	0	0	1	0	-1	0	0	1
1000	1	0	0	0	0	1	0	0	0	0	1	0	0	0	0	1

配合:		0


8	2
M22x60-181
托架横联连接
没有标记
sound\大浮墩托架预拼8.mp3

第四组托架横联为两片，与前一组横联安装在托架桁同一位置。

起始状态: 隐藏		终止状态: 显示		移动节点: 1
1000	1	0	0	0	0	1	0	0	0	0	1	0	-0.3	0	0	1
1000	1	0	0	0	0	1	0	0	0	0	1	0	0	0	0	1

配合:		0


8	2
M22x60-78
托架横联连接
没有标记
sound\大浮墩托架预拼8.mp3

第四组托架横联为两片，与前一组横联安装在托架桁同一位置。

起始状态: 隐藏		终止状态: 显示		移动节点: 1
1000	1	0	0	0	0	1	0	0	0	0	1	0	-0.3	0	0	1
1000	1	0	0	0	0	1	0	0	0	0	1	0	0	0	0	1

配合:		0


8	2
垫圈M22-201
托架横联连接
没有标记
sound\大浮墩托架预拼8.mp3

第四组托架横联为两片，与前一组横联安装在托架桁同一位置。

起始状态: 隐藏		终止状态: 显示		移动节点: 1
1000	1	0	0	0	0	1	0	0	0	0	1	0	-0.3	0	0	1
1000	1	0	0	0	0	1	0	0	0	0	1	0	0	0	0	1

配合:		0


8	2
M22x60-184
托架横联连接
没有标记
sound\大浮墩托架预拼8.mp3

第四组托架横联为两片，与前一组横联安装在托架桁同一位置。

起始状态: 隐藏		终止状态: 显示		移动节点: 1
1000	1	0	0	0	0	1	0	0	0	0	1	0	-0.3	0	0	1
1000	1	0	0	0	0	1	0	0	0	0	1	0	0	0	0	1

配合:		0


8	2
M22螺母-303
托架横联连接
没有标记
sound\大浮墩托架预拼8.mp3

第四组托架横联为两片，与前一组横联安装在托架桁同一位置。

起始状态: 隐藏		终止状态: 显示		移动节点: 1
1000	1	0	0	0	0	1	0	0	0	0	1	0	0	0	0.3	1
1000	1	0	0	0	0	1	0	0	0	0	1	0	0	0	0	1

配合:		0


8	2
垫圈M22-317
托架横联连接
没有标记
sound\大浮墩托架预拼8.mp3

第四组托架横联为两片，与前一组横联安装在托架桁同一位置。

起始状态: 隐藏		终止状态: 显示		移动节点: 1
1000	1	0	0	0	0	1	0	0	0	0	1	0	-0.3	0	0	1
1000	1	0	0	0	0	1	0	0	0	0	1	0	0	0	0	1

配合:		0


8	2
M22x60-77
托架横联连接
没有标记
sound\大浮墩托架预拼8.mp3

第四组托架横联为两片，与前一组横联安装在托架桁同一位置。

起始状态: 隐藏		终止状态: 显示		移动节点: 1
1000	1	0	0	0	0	1	0	0	0	0	1	0	-0.3	0	0	1
1000	1	0	0	0	0	1	0	0	0	0	1	0	0	0	0	1

配合:		0


8	2
M22螺母-413
托架横联连接
没有标记
sound\大浮墩托架预拼8.mp3

第四组托架横联为两片，与前一组横联安装在托架桁同一位置。

起始状态: 隐藏		终止状态: 显示		移动节点: 1
1000	1	0	0	0	0	1	0	0	0	0	1	0	0	0	0.3	1
1000	1	0	0	0	0	1	0	0	0	0	1	0	0	0	0	1

配合:		0


8	2
M22螺母-418
托架横联连接
没有标记
sound\大浮墩托架预拼8.mp3

第四组托架横联为两片，与前一组横联安装在托架桁同一位置。

起始状态: 隐藏		终止状态: 显示		移动节点: 1
1000	1	0	0	0	0	1	0	0	0	0	1	0	0	0	0.3	1
1000	1	0	0	0	0	1	0	0	0	0	1	0	0	0	0	1

配合:		0


8	2
垫圈M22-199
托架横联连接
没有标记
sound\大浮墩托架预拼8.mp3

第四组托架横联为两片，与前一组横联安装在托架桁同一位置。

起始状态: 隐藏		终止状态: 显示		移动节点: 1
1000	1	0	0	0	0	1	0	0	0	0	1	0	-0.3	0	0	1
1000	1	0	0	0	0	1	0	0	0	0	1	0	0	0	0	1

配合:		0


8	2
M22螺母-297
托架横联连接
没有标记
sound\大浮墩托架预拼8.mp3

第四组托架横联为两片，与前一组横联安装在托架桁同一位置。

起始状态: 隐藏		终止状态: 显示		移动节点: 1
1000	1	0	0	0	0	1	0	0	0	0	1	0	0	0	0.3	1
1000	1	0	0	0	0	1	0	0	0	0	1	0	0	0	0	1

配合:		0


8	2
M22x60-83
托架横联连接
没有标记
sound\大浮墩托架预拼8.mp3

第四组托架横联为两片，与前一组横联安装在托架桁同一位置。

起始状态: 隐藏		终止状态: 显示		移动节点: 1
1000	1	0	0	0	0	1	0	0	0	0	1	0	-0.3	0	0	1
1000	1	0	0	0	0	1	0	0	0	0	1	0	0	0	0	1

配合:		0


8	2
垫圈M22-319
托架横联连接
没有标记
sound\大浮墩托架预拼8.mp3

第四组托架横联为两片，与前一组横联安装在托架桁同一位置。

起始状态: 隐藏		终止状态: 显示		移动节点: 1
1000	1	0	0	0	0	1	0	0	0	0	1	0	-0.3	0	0	1
1000	1	0	0	0	0	1	0	0	0	0	1	0	0	0	0	1

配合:		0


8	2
垫圈M22-314
托架横联连接
没有标记
sound\大浮墩托架预拼8.mp3

第四组托架横联为两片，与前一组横联安装在托架桁同一位置。

起始状态: 隐藏		终止状态: 显示		移动节点: 1
1000	1	0	0	0	0	1	0	0	0	0	1	0	-0.3	0	0	1
1000	1	0	0	0	0	1	0	0	0	0	1	0	0	0	0	1

配合:		0


8	2
M22螺母-417
托架横联连接
没有标记
sound\大浮墩托架预拼8.mp3

第四组托架横联为两片，与前一组横联安装在托架桁同一位置。

起始状态: 隐藏		终止状态: 显示		移动节点: 1
1000	1	0	0	0	0	1	0	0	0	0	1	0	0	0	0.3	1
1000	1	0	0	0	0	1	0	0	0	0	1	0	0	0	0	1

配合:		0


8	2
M22x60-75
托架横联连接
没有标记
sound\大浮墩托架预拼8.mp3

第四组托架横联为两片，与前一组横联安装在托架桁同一位置。

起始状态: 隐藏		终止状态: 显示		移动节点: 1
1000	1	0	0	0	0	1	0	0	0	0	1	0	-0.3	0	0	1
1000	1	0	0	0	0	1	0	0	0	0	1	0	0	0	0	1

配合:		0


8	2
垫圈M22-315
托架横联连接
没有标记
sound\大浮墩托架预拼8.mp3

第四组托架横联为两片，与前一组横联安装在托架桁同一位置。

起始状态: 隐藏		终止状态: 显示		移动节点: 1
1000	1	0	0	0	0	1	0	0	0	0	1	0	-0.3	0	0	1
1000	1	0	0	0	0	1	0	0	0	0	1	0	0	0	0	1

配合:		0


8	2
M22x60-179
托架横联连接
没有标记
sound\大浮墩托架预拼8.mp3

第四组托架横联为两片，与前一组横联安装在托架桁同一位置。

起始状态: 隐藏		终止状态: 显示		移动节点: 1
1000	1	0	0	0	0	1	0	0	0	0	1	0	-0.3	0	0	1
1000	1	0	0	0	0	1	0	0	0	0	1	0	0	0	0	1

配合:		0


8	2
M22螺母-416
托架横联连接
没有标记
sound\大浮墩托架预拼8.mp3

第四组托架横联为两片，与前一组横联安装在托架桁同一位置。

起始状态: 隐藏		终止状态: 显示		移动节点: 1
1000	1	0	0	0	0	1	0	0	0	0	1	0	0	0	0.3	1
1000	1	0	0	0	0	1	0	0	0	0	1	0	0	0	0	1

配合:		0


8	2
垫圈M22-316
托架横联连接
没有标记
sound\大浮墩托架预拼8.mp3

第四组托架横联为两片，与前一组横联安装在托架桁同一位置。

起始状态: 隐藏		终止状态: 显示		移动节点: 1
1000	1	0	0	0	0	1	0	0	0	0	1	0	-0.3	0	0	1
1000	1	0	0	0	0	1	0	0	0	0	1	0	0	0	0	1

配合:		0


8	2
M22螺母-298
托架横联连接
没有标记
sound\大浮墩托架预拼8.mp3

第四组托架横联为两片，与前一组横联安装在托架桁同一位置。

起始状态: 隐藏		终止状态: 显示		移动节点: 1
1000	1	0	0	0	0	1	0	0	0	0	1	0	0	0	0.3	1
1000	1	0	0	0	0	1	0	0	0	0	1	0	0	0	0	1

配合:		0


8	2
垫圈M22-196
托架横联连接
没有标记
sound\大浮墩托架预拼8.mp3

第四组托架横联为两片，与前一组横联安装在托架桁同一位置。

起始状态: 隐藏		终止状态: 显示		移动节点: 1
1000	1	0	0	0	0	1	0	0	0	0	1	0	-0.3	0	0	1
1000	1	0	0	0	0	1	0	0	0	0	1	0	0	0	0	1

配合:		0


8	2
M22x60-183
托架横联连接
没有标记
sound\大浮墩托架预拼8.mp3

第四组托架横联为两片，与前一组横联安装在托架桁同一位置。

起始状态: 隐藏		终止状态: 显示		移动节点: 1
1000	1	0	0	0	0	1	0	0	0	0	1	0	-0.3	0	0	1
1000	1	0	0	0	0	1	0	0	0	0	1	0	0	0	0	1

配合:		0


8	2
M22螺母-415
托架横联连接
没有标记
sound\大浮墩托架预拼8.mp3

第四组托架横联为两片，与前一组横联安装在托架桁同一位置。

起始状态: 隐藏		终止状态: 显示		移动节点: 1
1000	1	0	0	0	0	1	0	0	0	0	1	0	0	0	0.3	1
1000	1	0	0	0	0	1	0	0	0	0	1	0	0	0	0	1

配合:		0


8	2
M22螺母-414
托架横联连接
没有标记
sound\大浮墩托架预拼8.mp3

第四组托架横联为两片，与前一组横联安装在托架桁同一位置。

起始状态: 隐藏		终止状态: 显示		移动节点: 1
1000	1	0	0	0	0	1	0	0	0	0	1	0	0	0	0.3	1
1000	1	0	0	0	0	1	0	0	0	0	1	0	0	0	0	1

配合:		0


8	2
垫圈M22-202
托架横联连接
没有标记
sound\大浮墩托架预拼8.mp3

第四组托架横联为两片，与前一组横联安装在托架桁同一位置。

起始状态: 隐藏		终止状态: 显示		移动节点: 1
1000	1	0	0	0	0	1	0	0	0	0	1	0	-0.3	0	0	1
1000	1	0	0	0	0	1	0	0	0	0	1	0	0	0	0	1

配合:		0


8	2
M22x60-81
托架横联连接
没有标记
sound\大浮墩托架预拼8.mp3

第四组托架横联为两片，与前一组横联安装在托架桁同一位置。

起始状态: 隐藏		终止状态: 显示		移动节点: 1
1000	1	0	0	0	0	1	0	0	0	0	1	0	-0.3	0	0	1
1000	1	0	0	0	0	1	0	0	0	0	1	0	0	0	0	1

配合:		0


8	2
M22x60-180
托架横联连接
没有标记
sound\大浮墩托架预拼8.mp3

第四组托架横联为两片，与前一组横联安装在托架桁同一位置。

起始状态: 隐藏		终止状态: 显示		移动节点: 1
1000	1	0	0	0	0	1	0	0	0	0	1	0	-0.3	0	0	1
1000	1	0	0	0	0	1	0	0	0	0	1	0	0	0	0	1

配合:		0


8	2
M22x60-80
托架横联连接
没有标记
sound\大浮墩托架预拼8.mp3

第四组托架横联为两片，与前一组横联安装在托架桁同一位置。

起始状态: 隐藏		终止状态: 显示		移动节点: 1
1000	1	0	0	0	0	1	0	0	0	0	1	0	-0.3	0	0	1
1000	1	0	0	0	0	1	0	0	0	0	1	0	0	0	0	1

配合:		0


8	2
垫圈M22-198
托架横联连接
没有标记
sound\大浮墩托架预拼8.mp3

第四组托架横联为两片，与前一组横联安装在托架桁同一位置。

起始状态: 隐藏		终止状态: 显示		移动节点: 1
1000	1	0	0	0	0	1	0	0	0	0	1	0	-0.3	0	0	1
1000	1	0	0	0	0	1	0	0	0	0	1	0	0	0	0	1

配合:		0


8	2
垫圈M22-318
托架横联连接
没有标记
sound\大浮墩托架预拼8.mp3

第四组托架横联为两片，与前一组横联安装在托架桁同一位置。

起始状态: 隐藏		终止状态: 显示		移动节点: 1
1000	1	0	0	0	0	1	0	0	0	0	1	0	-0.3	0	0	1
1000	1	0	0	0	0	1	0	0	0	0	1	0	0	0	0	1

配合:		0


8	2
垫圈M22-204
托架横联连接
没有标记
sound\大浮墩托架预拼8.mp3

第四组托架横联为两片，与前一组横联安装在托架桁同一位置。

起始状态: 隐藏		终止状态: 显示		移动节点: 1
1000	1	0	0	0	0	1	0	0	0	0	1	0	-0.3	0	0	1
1000	1	0	0	0	0	1	0	0	0	0	1	0	0	0	0	1

配合:		0


8	2
M22x60-182
托架横联连接
没有标记
sound\大浮墩托架预拼8.mp3

第四组托架横联为两片，与前一组横联安装在托架桁同一位置。

起始状态: 隐藏		终止状态: 显示		移动节点: 1
1000	1	0	0	0	0	1	0	0	0	0	1	0	-0.3	0	0	1
1000	1	0	0	0	0	1	0	0	0	0	1	0	0	0	0	1

配合:		0


8	2
M22螺母-301
托架横联连接
没有标记
sound\大浮墩托架预拼8.mp3

第四组托架横联为两片，与前一组横联安装在托架桁同一位置。

起始状态: 隐藏		终止状态: 显示		移动节点: 1
1000	1	0	0	0	0	1	0	0	0	0	1	0	0	0	0.3	1
1000	1	0	0	0	0	1	0	0	0	0	1	0	0	0	0	1

配合:		0


8	2
M22螺母-300
托架横联连接
没有标记
sound\大浮墩托架预拼8.mp3

第四组托架横联为两片，与前一组横联安装在托架桁同一位置。

起始状态: 隐藏		终止状态: 显示		移动节点: 1
1000	1	0	0	0	0	1	0	0	0	0	1	0	0	0	0.3	1
1000	1	0	0	0	0	1	0	0	0	0	1	0	0	0	0	1

配合:		0


8	2
M22螺母-295
托架横联连接
没有标记
sound\大浮墩托架预拼8.mp3

第四组托架横联为两片，与前一组横联安装在托架桁同一位置。

起始状态: 隐藏		终止状态: 显示		移动节点: 1
1000	1	0	0	0	0	1	0	0	0	0	1	0	0	0	0.3	1
1000	1	0	0	0	0	1	0	0	0	0	1	0	0	0	0	1

配合:		0


9	1
托架桁-5
安装第五组托架桁
没有标记
sound\大浮墩托架预拼9.mp3

人工将第五组托架桁竖立好，与托架横联相连。横联通过M22×60的螺栓与托架桁立柱角钢连接。

起始状态: 隐藏		终止状态: 显示		移动节点: 1
1500	1	0	0	0	0	1	0	0	0	0	1	0	0	0	-1	1
1000	1	0	0	0	0	1	0	0	0	0	1	0	0	0	0	1

配合:		1
没有标记
托架桁-5	6	0
托架横联-13	0	4


9	2
M22x60-85
安装第五组托架桁
没有标记
sound\大浮墩托架预拼9.mp3

人工将第五组托架桁竖立好，与托架横联相连。横联通过M22×60的螺栓与托架桁立柱角钢连接。

起始状态: 隐藏		终止状态: 显示		移动节点: 1
1000	1	0	0	0	0	1	0	0	0	0	1	0	-0.3	0	0	1
1000	1	0	0	0	0	1	0	0	0	0	1	0	0	0	0	1

配合:		0


9	2
垫圈M22-183
安装第五组托架桁
没有标记
sound\大浮墩托架预拼9.mp3

人工将第五组托架桁竖立好，与托架横联相连。横联通过M22×60的螺栓与托架桁立柱角钢连接。

起始状态: 隐藏		终止状态: 显示		移动节点: 1
1000	1	0	0	0	0	1	0	0	0	0	1	0	-0.3	0	0	1
1000	1	0	0	0	0	1	0	0	0	0	1	0	0	0	0	1

配合:		0


9	2
M22x60-76
安装第五组托架桁
没有标记
sound\大浮墩托架预拼9.mp3

人工将第五组托架桁竖立好，与托架横联相连。横联通过M22×60的螺栓与托架桁立柱角钢连接。

起始状态: 隐藏		终止状态: 显示		移动节点: 1
1000	1	0	0	0	0	1	0	0	0	0	1	0	-0.3	0	0	1
1000	1	0	0	0	0	1	0	0	0	0	1	0	0	0	0	1

配合:		0


9	2
M22x60-187
安装第五组托架桁
没有标记
sound\大浮墩托架预拼9.mp3

人工将第五组托架桁竖立好，与托架横联相连。横联通过M22×60的螺栓与托架桁立柱角钢连接。

起始状态: 隐藏		终止状态: 显示		移动节点: 1
1000	1	0	0	0	0	1	0	0	0	0	1	0	-0.3	0	0	1
1000	1	0	0	0	0	1	0	0	0	0	1	0	0	0	0	1

配合:		0


9	2
M22螺母-421
安装第五组托架桁
没有标记
sound\大浮墩托架预拼9.mp3

人工将第五组托架桁竖立好，与托架横联相连。横联通过M22×60的螺栓与托架桁立柱角钢连接。

起始状态: 隐藏		终止状态: 显示		移动节点: 1
1000	1	0	0	0	0	1	0	0	0	0	1	0	0	0	0.3	1
1000	1	0	0	0	0	1	0	0	0	0	1	0	0	0	0	1

配合:		0


9	2
M22螺母-302
安装第五组托架桁
没有标记
sound\大浮墩托架预拼9.mp3

人工将第五组托架桁竖立好，与托架横联相连。横联通过M22×60的螺栓与托架桁立柱角钢连接。

起始状态: 隐藏		终止状态: 显示		移动节点: 1
1000	1	0	0	0	0	1	0	0	0	0	1	0	0	0	0.3	1
1000	1	0	0	0	0	1	0	0	0	0	1	0	0	0	0	1

配合:		0


9	2
垫圈M22-320
安装第五组托架桁
没有标记
sound\大浮墩托架预拼9.mp3

人工将第五组托架桁竖立好，与托架横联相连。横联通过M22×60的螺栓与托架桁立柱角钢连接。

起始状态: 隐藏		终止状态: 显示		移动节点: 1
1000	1	0	0	0	0	1	0	0	0	0	1	0	-0.3	0	0	1
1000	1	0	0	0	0	1	0	0	0	0	1	0	0	0	0	1

配合:		0


9	2
M22螺母-305
安装第五组托架桁
没有标记
sound\大浮墩托架预拼9.mp3

人工将第五组托架桁竖立好，与托架横联相连。横联通过M22×60的螺栓与托架桁立柱角钢连接。

起始状态: 隐藏		终止状态: 显示		移动节点: 1
1000	1	0	0	0	0	1	0	0	0	0	1	0	0	0	0.3	1
1000	1	0	0	0	0	1	0	0	0	0	1	0	0	0	0	1

配合:		0


9	2
垫圈M22-203
安装第五组托架桁
没有标记
sound\大浮墩托架预拼9.mp3

人工将第五组托架桁竖立好，与托架横联相连。横联通过M22×60的螺栓与托架桁立柱角钢连接。

起始状态: 隐藏		终止状态: 显示		移动节点: 1
1000	1	0	0	0	0	1	0	0	0	0	1	0	-0.3	0	0	1
1000	1	0	0	0	0	1	0	0	0	0	1	0	0	0	0	1

配合:		0


9	2
垫圈M22-322
安装第五组托架桁
没有标记
sound\大浮墩托架预拼9.mp3

人工将第五组托架桁竖立好，与托架横联相连。横联通过M22×60的螺栓与托架桁立柱角钢连接。

起始状态: 隐藏		终止状态: 显示		移动节点: 1
1000	1	0	0	0	0	1	0	0	0	0	1	0	-0.3	0	0	1
1000	1	0	0	0	0	1	0	0	0	0	1	0	0	0	0	1

配合:		0


9	2
M22螺母-283
安装第五组托架桁
没有标记
sound\大浮墩托架预拼9.mp3

人工将第五组托架桁竖立好，与托架横联相连。横联通过M22×60的螺栓与托架桁立柱角钢连接。

起始状态: 隐藏		终止状态: 显示		移动节点: 1
1000	1	0	0	0	0	1	0	0	0	0	1	0	0	0	0.3	1
1000	1	0	0	0	0	1	0	0	0	0	1	0	0	0	0	1

配合:		0


9	2
垫圈M22-321
安装第五组托架桁
没有标记
sound\大浮墩托架预拼9.mp3

人工将第五组托架桁竖立好，与托架横联相连。横联通过M22×60的螺栓与托架桁立柱角钢连接。

起始状态: 隐藏		终止状态: 显示		移动节点: 1
1000	1	0	0	0	0	1	0	0	0	0	1	0	-0.3	0	0	1
1000	1	0	0	0	0	1	0	0	0	0	1	0	0	0	0	1

配合:		0


9	2
垫圈M22-184
安装第五组托架桁
没有标记
sound\大浮墩托架预拼9.mp3

人工将第五组托架桁竖立好，与托架横联相连。横联通过M22×60的螺栓与托架桁立柱角钢连接。

起始状态: 隐藏		终止状态: 显示		移动节点: 1
1000	1	0	0	0	0	1	0	0	0	0	1	0	-0.3	0	0	1
1000	1	0	0	0	0	1	0	0	0	0	1	0	0	0	0	1

配合:		0


9	2
M22x60-82
安装第五组托架桁
没有标记
sound\大浮墩托架预拼9.mp3

人工将第五组托架桁竖立好，与托架横联相连。横联通过M22×60的螺栓与托架桁立柱角钢连接。

起始状态: 隐藏		终止状态: 显示		移动节点: 1
1000	1	0	0	0	0	1	0	0	0	0	1	0	-0.3	0	0	1
1000	1	0	0	0	0	1	0	0	0	0	1	0	0	0	0	1

配合:		0


9	2
垫圈M22-205
安装第五组托架桁
没有标记
sound\大浮墩托架预拼9.mp3

人工将第五组托架桁竖立好，与托架横联相连。横联通过M22×60的螺栓与托架桁立柱角钢连接。

起始状态: 隐藏		终止状态: 显示		移动节点: 1
1000	1	0	0	0	0	1	0	0	0	0	1	0	-0.3	0	0	1
1000	1	0	0	0	0	1	0	0	0	0	1	0	0	0	0	1

配合:		0


9	2
M22螺母-419
安装第五组托架桁
没有标记
sound\大浮墩托架预拼9.mp3

人工将第五组托架桁竖立好，与托架横联相连。横联通过M22×60的螺栓与托架桁立柱角钢连接。

起始状态: 隐藏		终止状态: 显示		移动节点: 1
1000	1	0	0	0	0	1	0	0	0	0	1	0	0	0	0.3	1
1000	1	0	0	0	0	1	0	0	0	0	1	0	0	0	0	1

配合:		0


9	2
M22螺母-299
安装第五组托架桁
没有标记
sound\大浮墩托架预拼9.mp3

人工将第五组托架桁竖立好，与托架横联相连。横联通过M22×60的螺栓与托架桁立柱角钢连接。

起始状态: 隐藏		终止状态: 显示		移动节点: 1
1000	1	0	0	0	0	1	0	0	0	0	1	0	0	0	0.3	1
1000	1	0	0	0	0	1	0	0	0	0	1	0	0	0	0	1

配合:		0


9	2
M22x60-79
安装第五组托架桁
没有标记
sound\大浮墩托架预拼9.mp3

人工将第五组托架桁竖立好，与托架横联相连。横联通过M22×60的螺栓与托架桁立柱角钢连接。

起始状态: 隐藏		终止状态: 显示		移动节点: 1
1000	1	0	0	0	0	1	0	0	0	0	1	0	-0.3	0	0	1
1000	1	0	0	0	0	1	0	0	0	0	1	0	0	0	0	1

配合:		0


9	2
M22螺母-282
安装第五组托架桁
没有标记
sound\大浮墩托架预拼9.mp3

人工将第五组托架桁竖立好，与托架横联相连。横联通过M22×60的螺栓与托架桁立柱角钢连接。

起始状态: 隐藏		终止状态: 显示		移动节点: 1
1000	1	0	0	0	0	1	0	0	0	0	1	0	0	0	0.3	1
1000	1	0	0	0	0	1	0	0	0	0	1	0	0	0	0	1

配合:		0


9	2
M22x60-64
安装第五组托架桁
没有标记
sound\大浮墩托架预拼9.mp3

人工将第五组托架桁竖立好，与托架横联相连。横联通过M22×60的螺栓与托架桁立柱角钢连接。

起始状态: 隐藏		终止状态: 显示		移动节点: 1
1000	1	0	0	0	0	1	0	0	0	0	1	0	-0.3	0	0	1
1000	1	0	0	0	0	1	0	0	0	0	1	0	0	0	0	1

配合:		0


9	2
M22x60-62
安装第五组托架桁
没有标记
sound\大浮墩托架预拼9.mp3

人工将第五组托架桁竖立好，与托架横联相连。横联通过M22×60的螺栓与托架桁立柱角钢连接。

起始状态: 隐藏		终止状态: 显示		移动节点: 1
1000	1	0	0	0	0	1	0	0	0	0	1	0	-0.3	0	0	1
1000	1	0	0	0	0	1	0	0	0	0	1	0	0	0	0	1

配合:		0


9	2
垫圈M22-206
安装第五组托架桁
没有标记
sound\大浮墩托架预拼9.mp3

人工将第五组托架桁竖立好，与托架横联相连。横联通过M22×60的螺栓与托架桁立柱角钢连接。

起始状态: 隐藏		终止状态: 显示		移动节点: 1
1000	1	0	0	0	0	1	0	0	0	0	1	0	-0.3	0	0	1
1000	1	0	0	0	0	1	0	0	0	0	1	0	0	0	0	1

配合:		0


9	2
M22螺母-304
安装第五组托架桁
没有标记
sound\大浮墩托架预拼9.mp3

人工将第五组托架桁竖立好，与托架横联相连。横联通过M22×60的螺栓与托架桁立柱角钢连接。

起始状态: 隐藏		终止状态: 显示		移动节点: 1
1000	1	0	0	0	0	1	0	0	0	0	1	0	0	0	0.3	1
1000	1	0	0	0	0	1	0	0	0	0	1	0	0	0	0	1

配合:		0


9	2
垫圈M22-197
安装第五组托架桁
没有标记
sound\大浮墩托架预拼9.mp3

人工将第五组托架桁竖立好，与托架横联相连。横联通过M22×60的螺栓与托架桁立柱角钢连接。

起始状态: 隐藏		终止状态: 显示		移动节点: 1
1000	1	0	0	0	0	1	0	0	0	0	1	0	-0.3	0	0	1
1000	1	0	0	0	0	1	0	0	0	0	1	0	0	0	0	1

配合:		0


9	2
M22x60-84
安装第五组托架桁
没有标记
sound\大浮墩托架预拼9.mp3

人工将第五组托架桁竖立好，与托架横联相连。横联通过M22×60的螺栓与托架桁立柱角钢连接。

起始状态: 隐藏		终止状态: 显示		移动节点: 1
1000	1	0	0	0	0	1	0	0	0	0	1	0	-0.3	0	0	1
1000	1	0	0	0	0	1	0	0	0	0	1	0	0	0	0	1

配合:		0


9	2
M22螺母-296
安装第五组托架桁
没有标记
sound\大浮墩托架预拼9.mp3

人工将第五组托架桁竖立好，与托架横联相连。横联通过M22×60的螺栓与托架桁立柱角钢连接。

起始状态: 隐藏		终止状态: 显示		移动节点: 1
1000	1	0	0	0	0	1	0	0	0	0	1	0	0	0	0.3	1
1000	1	0	0	0	0	1	0	0	0	0	1	0	0	0	0	1

配合:		0


9	2
M22螺母-420
安装第五组托架桁
没有标记
sound\大浮墩托架预拼9.mp3

人工将第五组托架桁竖立好，与托架横联相连。横联通过M22×60的螺栓与托架桁立柱角钢连接。

起始状态: 隐藏		终止状态: 显示		移动节点: 1
1000	1	0	0	0	0	1	0	0	0	0	1	0	0	0	0.3	1
1000	1	0	0	0	0	1	0	0	0	0	1	0	0	0	0	1

配合:		0


9	2
M22x60-63
安装第五组托架桁
没有标记
sound\大浮墩托架预拼9.mp3

人工将第五组托架桁竖立好，与托架横联相连。横联通过M22×60的螺栓与托架桁立柱角钢连接。

起始状态: 隐藏		终止状态: 显示		移动节点: 1
1000	1	0	0	0	0	1	0	0	0	0	1	0	-0.3	0	0	1
1000	1	0	0	0	0	1	0	0	0	0	1	0	0	0	0	1

配合:		0


9	2
M22x60-186
安装第五组托架桁
没有标记
sound\大浮墩托架预拼9.mp3

人工将第五组托架桁竖立好，与托架横联相连。横联通过M22×60的螺栓与托架桁立柱角钢连接。

起始状态: 隐藏		终止状态: 显示		移动节点: 1
1000	1	0	0	0	0	1	0	0	0	0	1	0	-0.3	0	0	1
1000	1	0	0	0	0	1	0	0	0	0	1	0	0	0	0	1

配合:		0


9	2
M22螺母-294
安装第五组托架桁
没有标记
sound\大浮墩托架预拼9.mp3

人工将第五组托架桁竖立好，与托架横联相连。横联通过M22×60的螺栓与托架桁立柱角钢连接。

起始状态: 隐藏		终止状态: 显示		移动节点: 1
1000	1	0	0	0	0	1	0	0	0	0	1	0	0	0	0.3	1
1000	1	0	0	0	0	1	0	0	0	0	1	0	0	0	0	1

配合:		0


9	2
垫圈M22-195
安装第五组托架桁
没有标记
sound\大浮墩托架预拼9.mp3

人工将第五组托架桁竖立好，与托架横联相连。横联通过M22×60的螺栓与托架桁立柱角钢连接。

起始状态: 隐藏		终止状态: 显示		移动节点: 1
1000	1	0	0	0	0	1	0	0	0	0	1	0	-0.3	0	0	1
1000	1	0	0	0	0	1	0	0	0	0	1	0	0	0	0	1

配合:		0


9	2
M22x60-74
安装第五组托架桁
没有标记
sound\大浮墩托架预拼9.mp3

人工将第五组托架桁竖立好，与托架横联相连。横联通过M22×60的螺栓与托架桁立柱角钢连接。

起始状态: 隐藏		终止状态: 显示		移动节点: 1
1000	1	0	0	0	0	1	0	0	0	0	1	0	-0.3	0	0	1
1000	1	0	0	0	0	1	0	0	0	0	1	0	0	0	0	1

配合:		0


9	2
垫圈M22-185
安装第五组托架桁
没有标记
sound\大浮墩托架预拼9.mp3

人工将第五组托架桁竖立好，与托架横联相连。横联通过M22×60的螺栓与托架桁立柱角钢连接。

起始状态: 隐藏		终止状态: 显示		移动节点: 1
1000	1	0	0	0	0	1	0	0	0	0	1	0	-0.3	0	0	1
1000	1	0	0	0	0	1	0	0	0	0	1	0	0	0	0	1

配合:		0


9	2
M22x60-185
安装第五组托架桁
没有标记
sound\大浮墩托架预拼9.mp3

人工将第五组托架桁竖立好，与托架横联相连。横联通过M22×60的螺栓与托架桁立柱角钢连接。

起始状态: 隐藏		终止状态: 显示		移动节点: 1
1000	1	0	0	0	0	1	0	0	0	0	1	0	-0.3	0	0	1
1000	1	0	0	0	0	1	0	0	0	0	1	0	0	0	0	1

配合:		0


9	2
M22螺母-284
安装第五组托架桁
没有标记
sound\大浮墩托架预拼9.mp3

人工将第五组托架桁竖立好，与托架横联相连。横联通过M22×60的螺栓与托架桁立柱角钢连接。

起始状态: 隐藏		终止状态: 显示		移动节点: 1
1000	1	0	0	0	0	1	0	0	0	0	1	0	0	0	0.3	1
1000	1	0	0	0	0	1	0	0	0	0	1	0	0	0	0	1

配合:		0


9	2
垫圈M22-200
安装第五组托架桁
没有标记
sound\大浮墩托架预拼9.mp3

人工将第五组托架桁竖立好，与托架横联相连。横联通过M22×60的螺栓与托架桁立柱角钢连接。

起始状态: 隐藏		终止状态: 显示		移动节点: 1
1000	1	0	0	0	0	1	0	0	0	0	1	0	-0.3	0	0	1
1000	1	0	0	0	0	1	0	0	0	0	1	0	0	0	0	1

配合:		0


