1	1
20T低平板车-1
平板汽车装载标准梁节
没有标记
sound\汽车装载标准梁节.1.mp3

汽车就位，准备装载标准梁节。

起始状态: 隐藏		终止状态: 显示		移动节点: 1
1500	1	0	0	0	0	1	0	0	0	0	1	0	0	0	0	1
1500	1	0	0	0	0	1	0	0	0	0	1	0	0	0	0	1

配合:		0


2	1
标准梁节-3
标准梁节装车
没有标记
sound\汽车装载标准梁节.2.mp3

将标准梁节装载于平板汽车上。

起始状态: 隐藏		终止状态: 显示		移动节点: 1
2000	1	0	0	0	0	1	0	0	0	0	1	0	0	3	0	1
2000	1	0	0	0	0	1	0	0	0	0	1	0	0	0	0	1

配合:		0


2	1
钢轨-2
标准梁节装车
没有标记
sound\汽车装载标准梁节.2.mp3

将标准梁节装载于平板汽车上。

起始状态: 隐藏		终止状态: 显示		移动节点: 1
2000	1	0	0	0	0	1	0	0	0	0	1	0	0	3	0	1
2000	1	0	0	0	0	1	0	0	0	0	1	0	0	0	0	1

配合:		0


2	1
钢轨-1
标准梁节装车
没有标记
sound\汽车装载标准梁节.2.mp3

将标准梁节装载于平板汽车上。

起始状态: 隐藏		终止状态: 显示		移动节点: 1
2000	1	0	0	0	0	1	0	0	0	0	1	0	0	3	0	1
2000	1	0	0	0	0	1	0	0	0	0	1	0	0	0	0	1

配合:		0


3	1
绳8-2
捆绑钢丝绳
没有标记
sound\汽车装载标准梁节.3.mp3

用钢丝绳将标准梁节捆绑起来，固定在汽车上。

起始状态: 隐藏		终止状态: 显示		移动节点: 1
1500	1	0	0	0	0	1	0	0	0	0	1	0	0	3	0	1
1500	1	0	0	0	0	1	0	0	0	0	1	0	0	0	0	1

配合:		0


3	1
绳8-1
捆绑钢丝绳
没有标记
sound\汽车装载标准梁节.3.mp3

用钢丝绳将标准梁节捆绑起来，固定在汽车上。

起始状态: 隐藏		终止状态: 显示		移动节点: 1
1500	1	0	0	0	0	1	0	0	0	0	1	0	0	3	0	1
1500	1	0	0	0	0	1	0	0	0	0	1	0	0	0	0	1

配合:		0


4	1
绳9-1
捆绑钢丝绳
没有标记
sound\汽车装载标准梁节.4.mp3

用钢丝绳将标准梁节捆绑起来，固定在汽车上。

起始状态: 隐藏		终止状态: 显示		移动节点: 1
1500	1	0	0	0	0	1	0	0	0	0	1	0	0	0	0	1
1500	1	0	0	0	0	1	0	0	0	0	1	0	0	0	0	1

配合:		0


4	1
绳9-2
捆绑钢丝绳
没有标记
sound\汽车装载标准梁节.4.mp3

用钢丝绳将标准梁节捆绑起来，固定在汽车上。

起始状态: 隐藏		终止状态: 显示		移动节点: 1
1500	1	0	0	0	0	1	0	0	0	0	1	0	0	0	0	1
1500	1	0	0	0	0	1	0	0	0	0	1	0	0	0	0	1

配合:		0


4	1
绳9-3
捆绑钢丝绳
没有标记
sound\汽车装载标准梁节.4.mp3

用钢丝绳将标准梁节捆绑起来，固定在汽车上。

起始状态: 隐藏		终止状态: 显示		移动节点: 1
1500	1	0	0	0	0	1	0	0	0	0	1	0	0	0	0	1
1500	1	0	0	0	0	1	0	0	0	0	1	0	0	0	0	1

配合:		0


4	1
绳9-4
捆绑钢丝绳
没有标记
sound\汽车装载标准梁节.4.mp3

用钢丝绳将标准梁节捆绑起来，固定在汽车上。

起始状态: 隐藏		终止状态: 显示		移动节点: 1
1500	1	0	0	0	0	1	0	0	0	0	1	0	0	0	0	1
1500	1	0	0	0	0	1	0	0	0	0	1	0	0	0	0	1

配合:		0


