1	1
A型活动墩拼组垫木-1
安放枕木基础
没有标记
sound\A型活动墩1.mp3

A型活动墩拼组前，应布置简易基础，在纵梁下方布置垫枕。垫梁组由垫梁P8、间隔撑P10拼组而成，垫梁P8螺栓孔相对较少的翼缘板朝上放置。垫梁组中心线与桥轴线间距设计值为2.25m，现场安放时此距离应略大于2.25m，以便于后续横联桁构的安装。

起始状态: 隐藏		终止状态: 显示		移动节点: 1
1500	1	0	0	0	0	1	0	0	0	0	1	0	0	0	1.5	1
1500	1	0	0	0	0	1	0	0	0	0	1	0	0	0	0	1

配合:		0


1	2
A型活动墩1-2
安放枕木基础
没有标记
sound\A型活动墩1.mp3

A型活动墩拼组前，应布置简易基础，在纵梁下方布置垫枕。垫梁组由垫梁P8、间隔撑P10拼组而成，垫梁P8螺栓孔相对较少的翼缘板朝上放置。垫梁组中心线与桥轴线间距设计值为2.25m，现场安放时此距离应略大于2.25m，以便于后续横联桁构的安装。

起始状态: 隐藏		终止状态: 显示		移动节点: 1
1500	1	0	0	0	0	1	0	0	0	0	1	0	0	1.5	0	1
1500	1	0	0	0	0	1	0	0	0	0	1	0	0	0	0	1

配合:		0


1	2
A型活动墩1-1
安放枕木基础
没有标记
sound\A型活动墩1.mp3

A型活动墩拼组前，应布置简易基础，在纵梁下方布置垫枕。垫梁组由垫梁P8、间隔撑P10拼组而成，垫梁P8螺栓孔相对较少的翼缘板朝上放置。垫梁组中心线与桥轴线间距设计值为2.25m，现场安放时此距离应略大于2.25m，以便于后续横联桁构的安装。

起始状态: 隐藏		终止状态: 显示		移动节点: 1
1500	1	0	0	0	0	1	0	0	0	0	1	0	0	1.5	0	1
1500	1	0	0	0	0	1	0	0	0	0	1	0	0	0	0	1

配合:		0


2	1
A型活动墩2-2
安装1号、4号立柱桁架组
没有标记
sound\A型活动墩2.mp3

安装1号、4号立柱桁架组，立柱桁架组由立柱P0(安装在垫梁近中心位置)、立柱P1、斜杆P2、撑杆P3拼组而成。

起始状态: 隐藏		终止状态: 显示		移动节点: 1
1500	1	0	0	0	0	1	0	0	0	0	1	0	0	1.5	0	1
1500	1	0	0	0	0	1	0	0	0	0	1	0	0	0	0	1

配合:		0


2	1
A型活动墩2-2-7
安装1号、4号立柱桁架组
没有标记
sound\A型活动墩2.mp3

安装1号、4号立柱桁架组，立柱桁架组由立柱P0(安装在垫梁近中心位置)、立柱P1、斜杆P2、撑杆P3拼组而成。

起始状态: 隐藏		终止状态: 显示		移动节点: 1
1500	1	0	0	0	0	1	0	0	0	0	1	0	0	1.5	0	1
1500	1	0	0	0	0	1	0	0	0	0	1	0	0	0	0	1

配合:		1
没有标记
A型活动墩2-2-7/p0-2	0	10
A型活动墩1-2/垫梁P8-2	0	2


2	1
A型活动墩2-5
安装1号、4号立柱桁架组
没有标记
sound\A型活动墩2.mp3

安装1号、4号立柱桁架组，立柱桁架组由立柱P0(安装在垫梁近中心位置)、立柱P1、斜杆P2、撑杆P3拼组而成。

起始状态: 隐藏		终止状态: 显示		移动节点: 1
1500	1	0	0	0	0	1	0	0	0	0	1	0	0	1.5	0	1
1500	1	0	0	0	0	1	0	0	0	0	1	0	0	0	0	1

配合:		0


2	1
A型活动墩2-3
安装1号、4号立柱桁架组
没有标记
sound\A型活动墩2.mp3

安装1号、4号立柱桁架组，立柱桁架组由立柱P0(安装在垫梁近中心位置)、立柱P1、斜杆P2、撑杆P3拼组而成。

起始状态: 隐藏		终止状态: 显示		移动节点: 1
1500	1	0	0	0	0	1	0	0	0	0	1	0	0	1.5	0	1
1500	1	0	0	0	0	1	0	0	0	0	1	0	0	0	0	1

配合:		0


3	1
A型活动墩3-3
安装1号横联桁构P5
没有标记
sound\A型活动墩3.mp3

将横联桁构P5安装在两侧立柱P0下端,现场拼组时，可将横联斜杆P4用单螺栓预装在横联桁构P5上。

起始状态: 隐藏		终止状态: 显示		移动节点: 1
1500	1	0	0	0	0	1	0	0	0	0	1	0	0	0	-0.5	1
1500	1	0	0	0	0	1	0	0	0	0	1	0	0	0	0	1

配合:		1
没有标记
A型活动墩3-3/P5-1	0	17
A型活动墩2-2-7/p0-2	0	28


4	1
A型活动墩4-1
安装1号、2号纵梁PB0
没有标记
sound\A型活动墩4.mp3

安装1号、2号纵梁PB0。注意事项：①纵梁PB0一侧用螺栓连接在纵梁P0上，另一侧用枕木支垫水平。②此处完毕后将纵梁导板PB1安装在纵梁上，1个纵梁上安装2块。(5)安装2#、3#立柱桁架组(同步骤2)(6)安装2#横联桁构P5(同步骤3)(7)安装横梁撑杆P6P6连接在2组横联桁构P5的下端。

起始状态: 隐藏		终止状态: 显示		移动节点: 1
1500	1	0	0	0	0	1	0	0	0	0	1	0	0	1.5	0	1
1500	1	0	0	0	0	1	0	0	0	0	1	0	0	0	0	1

配合:		1
没有标记
A型活动墩4-1/PB0-2	0	67
A型活动墩2-2-7/p0-2	0	91


4	1
A型活动墩4-2
安装1号、2号纵梁PB0
没有标记
sound\A型活动墩4.mp3

安装1号、2号纵梁PB0。注意事项：①纵梁PB0一侧用螺栓连接在纵梁P0上，另一侧用枕木支垫水平。②此处完毕后将纵梁导板PB1安装在纵梁上，1个纵梁上安装2块。(5)安装2#、3#立柱桁架组(同步骤2)(6)安装2#横联桁构P5(同步骤3)(7)安装横梁撑杆P6P6连接在2组横联桁构P5的下端。

起始状态: 隐藏		终止状态: 显示		移动节点: 1
1500	1	0	0	0	0	1	0	0	0	0	1	0	0	1.5	0	1
1500	1	0	0	0	0	1	0	0	0	0	1	0	0	0	0	1

配合:		0


4	2
内垫木-1
安放枕木
没有标记
sound\A型活动墩4.mp3

安装1号、2号纵梁PB0。注意事项：①纵梁PB0一侧用螺栓连接在纵梁P0上，另一侧用枕木支垫水平。②此处完毕后将纵梁导板PB1安装在纵梁上，1个纵梁上安装2块。(5)安装2#、3#立柱桁架组(同步骤2)(6)安装2#横联桁构P5(同步骤3)(7)安装横梁撑杆P6P6连接在2组横联桁构P5的下端。

起始状态: 隐藏		终止状态: 显示		移动节点: 1
1500	1	0	0	0	0	1	0	0	0	0	1	0	1.5	0	0	1
1500	1	0	0	0	0	1	0	0	0	0	1	0	0	0	0	1

配合:		0


4	2
内垫木-8
安放枕木
没有标记
sound\A型活动墩4.mp3

安装1号、2号纵梁PB0。注意事项：①纵梁PB0一侧用螺栓连接在纵梁P0上，另一侧用枕木支垫水平。②此处完毕后将纵梁导板PB1安装在纵梁上，1个纵梁上安装2块。(5)安装2#、3#立柱桁架组(同步骤2)(6)安装2#横联桁构P5(同步骤3)(7)安装横梁撑杆P6P6连接在2组横联桁构P5的下端。

起始状态: 隐藏		终止状态: 显示		移动节点: 1
1500	1	0	0	0	0	1	0	0	0	0	1	0	-1.5	0	0	1
1500	1	0	0	0	0	1	0	0	0	0	1	0	0	0	0	1

配合:		0


4	2
内垫木-6
安放枕木
没有标记
sound\A型活动墩4.mp3

安装1号、2号纵梁PB0。注意事项：①纵梁PB0一侧用螺栓连接在纵梁P0上，另一侧用枕木支垫水平。②此处完毕后将纵梁导板PB1安装在纵梁上，1个纵梁上安装2块。(5)安装2#、3#立柱桁架组(同步骤2)(6)安装2#横联桁构P5(同步骤3)(7)安装横梁撑杆P6P6连接在2组横联桁构P5的下端。

起始状态: 隐藏		终止状态: 显示		移动节点: 1
1500	1	0	0	0	0	1	0	0	0	0	1	0	-1.5	0	0	1
1500	1	0	0	0	0	1	0	0	0	0	1	0	0	0	0	1

配合:		0


4	2
内垫木-7
安放枕木
没有标记
sound\A型活动墩4.mp3

安装1号、2号纵梁PB0。注意事项：①纵梁PB0一侧用螺栓连接在纵梁P0上，另一侧用枕木支垫水平。②此处完毕后将纵梁导板PB1安装在纵梁上，1个纵梁上安装2块。(5)安装2#、3#立柱桁架组(同步骤2)(6)安装2#横联桁构P5(同步骤3)(7)安装横梁撑杆P6P6连接在2组横联桁构P5的下端。

起始状态: 隐藏		终止状态: 显示		移动节点: 1
1500	1	0	0	0	0	1	0	0	0	0	1	0	-1.5	0	0	1
1500	1	0	0	0	0	1	0	0	0	0	1	0	0	0	0	1

配合:		0


4	2
内垫木-4
安放枕木
没有标记
sound\A型活动墩4.mp3

安装1号、2号纵梁PB0。注意事项：①纵梁PB0一侧用螺栓连接在纵梁P0上，另一侧用枕木支垫水平。②此处完毕后将纵梁导板PB1安装在纵梁上，1个纵梁上安装2块。(5)安装2#、3#立柱桁架组(同步骤2)(6)安装2#横联桁构P5(同步骤3)(7)安装横梁撑杆P6P6连接在2组横联桁构P5的下端。

起始状态: 隐藏		终止状态: 显示		移动节点: 1
1500	1	0	0	0	0	1	0	0	0	0	1	0	1.5	0	0	1
1500	1	0	0	0	0	1	0	0	0	0	1	0	0	0	0	1

配合:		0


4	2
内垫木-5
安放枕木
没有标记
sound\A型活动墩4.mp3

安装1号、2号纵梁PB0。注意事项：①纵梁PB0一侧用螺栓连接在纵梁P0上，另一侧用枕木支垫水平。②此处完毕后将纵梁导板PB1安装在纵梁上，1个纵梁上安装2块。(5)安装2#、3#立柱桁架组(同步骤2)(6)安装2#横联桁构P5(同步骤3)(7)安装横梁撑杆P6P6连接在2组横联桁构P5的下端。

起始状态: 隐藏		终止状态: 显示		移动节点: 1
1500	1	0	0	0	0	1	0	0	0	0	1	0	1.5	0	0	1
1500	1	0	0	0	0	1	0	0	0	0	1	0	0	0	0	1

配合:		0


5	1
A型活动墩2-6
安装2号、3号立柱桁架组
没有标记
sound\A型活动墩5.mp3

将2#、3#立柱桁架组安装在垫梁组上,并与纵梁PBO相连。

起始状态: 隐藏		终止状态: 显示		移动节点: 1
1500	1	0	0	0	0	1	0	0	0	0	1	0	0	0	1	1
1500	1	0	0	0	0	1	0	0	0	0	1	0	0	0	0	1

配合:		1
没有标记
A型活动墩2-6/p0-2	0	33
A型活动墩4-1/PB0-2	0	82


5	1
A型活动墩2-2-1
安装2号、3号立柱桁架组
没有标记
sound\A型活动墩5.mp3

将2#、3#立柱桁架组安装在垫梁组上,并与纵梁PBO相连。

起始状态: 隐藏		终止状态: 显示		移动节点: 1
1500	1	0	0	0	0	1	0	0	0	0	1	0	0	0	1	1
1500	1	0	0	0	0	1	0	0	0	0	1	0	0	0	0	1

配合:		0


5	2
内垫木-1
没有标记
没有标记
sound\A型活动墩5.mp3

将2#、3#立柱桁架组安装在垫梁组上,并与纵梁PBO相连。

起始状态: 显示		终止状态: 隐藏		移动节点: 1
1500	1	0	0	0	0	1	0	0	0	0	1	0	0	0	0	1
1500	1	0	0	0	0	1	0	0	0	0	1	0	1.5	0	0	1

配合:		0


5	2
内垫木-6
没有标记
没有标记
sound\A型活动墩5.mp3

将2#、3#立柱桁架组安装在垫梁组上,并与纵梁PBO相连。

起始状态: 显示		终止状态: 隐藏		移动节点: 1
1500	1	0	0	0	0	1	0	0	0	0	1	0	0	0	0	1
1500	1	0	0	0	0	1	0	0	0	0	1	0	-1.5	0	0	1

配合:		0


6	1
A型活动墩3-1
安装2号横联桁构P5
没有标记
sound\A型活动墩6.mp3

安装2#横联桁构P5，步骤同第三步。

起始状态: 隐藏		终止状态: 显示		移动节点: 1
1500	1	0	0	0	0	1	0	0	0	0	1	0	0	0	-0.5	1
1500	1	0	0	0	0	1	0	0	0	0	1	0	0	0	0	1

配合:		1
没有标记
A型活动墩3-1/P5-1	0	273
A型活动墩2-6/p0-2	0	2


7	1
P6-1
安装横梁撑杆P6
没有标记
sound\A型活动墩7.mp3

P6连接在2组横联桁构P5的下端。

起始状态: 隐藏		终止状态: 显示		移动节点: 1
1500	1	0	0	0	0	1	0	0	0	0	1	0	0	0.5	0	1
1500	1	0	0	0	0	1	0	0	0	0	1	0	0	0	0	1

配合:		1
没有标记
P6-1	0	0
A型活动墩3-3/P5-1	0	33


8	1
A型活动墩5-2
安装横梁组
没有标记
sound\A型活动墩8.mp3

安装横梁组，横梁组由横梁PA0、斜杆PA0-1、直杆PA0-2、节点板PA0-3、弧形支座拼组而成。

起始状态: 隐藏		终止状态: 显示		移动节点: 1
1500	1	0	0	0	0	1	0	0	0	0	1	0	0	1	0	1
1500	1	0	0	0	0	1	0	0	0	0	1	0	0	0	0	1

配合:		1
没有标记
A型活动墩5-2/PA0-2	0	6
A型活动墩4-1/PB0-2	0	19


9	1
A型活动墩6-2
安装1号、2号吊梁组
没有标记
sound\A型活动墩9.mp3

安装1#、2#吊梁组，吊梁组由牛腿P11、吊梁P12组成。

起始状态: 隐藏		终止状态: 显示		移动节点: 1
1500	1	0	0	0	0	1	0	0	0	0	1	0	-0.5	0	0	1
1500	1	0	0	0	0	1	0	0	0	0	1	0	0	0	0	1

配合:		0


9	1
A型活动墩6-1
安装1号、2号吊梁组
没有标记
sound\A型活动墩9.mp3

安装1#、2#吊梁组，吊梁组由牛腿P11、吊梁P12组成。

起始状态: 隐藏		终止状态: 显示		移动节点: 1
1500	1	0	0	0	0	1	0	0	0	0	1	0	-0.5	0	0	1
1500	1	0	0	0	0	1	0	0	0	0	1	0	0	0	0	1

配合:		1
没有标记
A型活动墩6-1/P11-1	0	39
A型活动墩2-6/p0-2	0	159


10	1
A型活动墩7-1
安装5吨拉链葫芦
没有标记
sound\A型活动墩10.mp3

安装5吨拉链葫芦。

起始状态: 隐藏		终止状态: 显示		移动节点: 1
1500	1	0	0	0	0	1	0	0	0	0	1	0	1.5	0	0	1
1500	1	0	0	0	0	1	0	0	0	0	1	0	0	0	0	1

配合:		1
没有标记
A型活动墩7-1/P12挂环-1	0	3
A型活动墩6-1/p12-1	0	12


10	1
A型活动墩7-2
安装5吨拉链葫芦
没有标记
sound\A型活动墩10.mp3

安装5吨拉链葫芦。

起始状态: 隐藏		终止状态: 显示		移动节点: 1
1500	1	0	0	0	0	1	0	0	0	0	1	0	-1.5	0	0	1
1500	1	0	0	0	0	1	0	0	0	0	1	0	0	0	0	1

配合:		0


10	1
A型活动墩7-3
安装5吨拉链葫芦
没有标记
sound\A型活动墩10.mp3

安装5吨拉链葫芦。

起始状态: 隐藏		终止状态: 显示		移动节点: 1
1500	1	0	0	0	0	1	0	0	0	0	1	0	1.5	0	0	1
1500	1	0	0	0	0	1	0	0	0	0	1	0	0	0	0	1

配合:		0


10	1
A型活动墩7-4
安装5吨拉链葫芦
没有标记
sound\A型活动墩10.mp3

安装5吨拉链葫芦。

起始状态: 隐藏		终止状态: 显示		移动节点: 1
1500	1	0	0	0	0	1	0	0	0	0	1	0	-1.5	0	0	1
1500	1	0	0	0	0	1	0	0	0	0	1	0	0	0	0	1

配合:		0


11	1
A型活动墩8-5
安装托梁组
没有标记
sound\A型活动墩11.mp3

安装托梁组，托梁组：由托梁PA1、吊梁P9组成。

起始状态: 隐藏		终止状态: 显示		移动节点: 1
1500	1	0	0	0	0	1	0	0	0	0	1	0	-1	0	0	1
1500	1	0	0	0	0	1	0	0	0	0	1	0	0	0	0	1

配合:		1
没有标记
A型活动墩8-5/PA1-1	0	1
A型活动墩5-2/PA0-2	0	6


11	1
A型活动墩8-4
安装托梁组
没有标记
sound\A型活动墩11.mp3

安装托梁组，托梁组：由托梁PA1、吊梁P9组成。

起始状态: 隐藏		终止状态: 显示		移动节点: 1
1500	1	0	0	0	0	1	0	0	0	0	1	0	-1	0	0	1
1500	1	0	0	0	0	1	0	0	0	0	1	0	0	0	0	1

配合:		0


