1	1
20T低平板车-1
平板汽车装载分水节
没有标记
sound\汽车装载分水节1.mp3

半挂汽车就位，准备装载分水节。在车厢底部放置防滑草垫。

起始状态: 隐藏		终止状态: 显示		移动节点: 1
1000	1	0	0	0	0	1	0	0	0	0	1	0	0	0	0	1
1500	1	0	0	0	0	1	0	0	0	0	1	0	0	0	0	1

配合:		0


2	1
分水节-1
依次装载分水节
没有标记
sound\汽车装载分水节2.mp3

按顺序，依次将5节分水节吊装在半挂汽车上。

起始状态: 隐藏		终止状态: 显示		移动节点: 1
1000	1	0	0	0	0	1	0	0	0	0	1	0	2	0	0	1
1000	1	0	0	0	0	1	0	0	0	0	1	0	0	0	0	1

配合:		0


2	1
分水节1-1
依次装载分水节
没有标记
sound\汽车装载分水节2.mp3

按顺序，依次将5节分水节吊装在半挂汽车上。

起始状态: 隐藏		终止状态: 显示		移动节点: 1
1000	1	0	0	0	0	1	0	0	0	0	1	0	3	0	0	1
1000	1	0	0	0	0	1	0	0	0	0	1	0	0	0	0	1

配合:		0


2	2
分水节-2
依次装载分水节
没有标记
sound\汽车装载分水节2.mp3

按顺序，依次将5节分水节吊装在半挂汽车上。

起始状态: 隐藏		终止状态: 显示		移动节点: 1
1000	1	0	0	0	0	1	0	0	0	0	1	0	2	0	0	1
1000	1	0	0	0	0	1	0	0	0	0	1	0	0	0	0	1

配合:		0


2	2
分水节1-2
依次装载分水节
没有标记
sound\汽车装载分水节2.mp3

按顺序，依次将5节分水节吊装在半挂汽车上。

起始状态: 隐藏		终止状态: 显示		移动节点: 1
1000	1	0	0	0	0	1	0	0	0	0	1	0	3	0	0	1
1000	1	0	0	0	0	1	0	0	0	0	1	0	0	0	0	1

配合:		0


2	3
分水节-4
依次装载分水节
没有标记
sound\汽车装载分水节2.mp3

按顺序，依次将5节分水节吊装在半挂汽车上。

起始状态: 隐藏		终止状态: 显示		移动节点: 1
1000	1	0	0	0	0	1	0	0	0	0	1	0	2	0	0	1
1000	1	0	0	0	0	1	0	0	0	0	1	0	0	0	0	1

配合:		0


2	3
分水节1-4
依次装载分水节
没有标记
sound\汽车装载分水节2.mp3

按顺序，依次将5节分水节吊装在半挂汽车上。

起始状态: 隐藏		终止状态: 显示		移动节点: 1
1000	1	0	0	0	0	1	0	0	0	0	1	0	3	0	0	1
1000	1	0	0	0	0	1	0	0	0	0	1	0	0	0	0	1

配合:		0


2	4
分水节-5
依次装载分水节
没有标记
sound\汽车装载分水节2.mp3

按顺序，依次将5节分水节吊装在半挂汽车上。

起始状态: 隐藏		终止状态: 显示		移动节点: 1
1000	1	0	0	0	0	1	0	0	0	0	1	0	2	0	0	1
1000	1	0	0	0	0	1	0	0	0	0	1	0	0	0	0	1

配合:		0


2	4
分水节1-5
依次装载分水节
没有标记
sound\汽车装载分水节2.mp3

按顺序，依次将5节分水节吊装在半挂汽车上。

起始状态: 隐藏		终止状态: 显示		移动节点: 1
1000	1	0	0	0	0	1	0	0	0	0	1	0	3	0	0	1
1000	1	0	0	0	0	1	0	0	0	0	1	0	0	0	0	1

配合:		0


2	5
分水节-3
依次装载分水节
没有标记
sound\汽车装载分水节2.mp3

按顺序，依次将5节分水节吊装在半挂汽车上。

起始状态: 隐藏		终止状态: 显示		移动节点: 1
1000	1	0	0	0	0	1	0	0	0	0	1	0	2	0	0	1
1000	1	0	0	0	0	1	0	0	0	0	1	0	0	0	0	1

配合:		0


2	5
分水节1-3
依次装载分水节
没有标记
sound\汽车装载分水节2.mp3

按顺序，依次将5节分水节吊装在半挂汽车上。

起始状态: 隐藏		终止状态: 显示		移动节点: 1
1000	1	0	0	0	0	1	0	0	0	0	1	0	3	0	0	1
1000	1	0	0	0	0	1	0	0	0	0	1	0	0	0	0	1

配合:		0


3	1
绳7-3
捆绑分水节
没有标记
sound\汽车装载分水节3.mp3

用钢丝绳将分水节固定在汽车上。

起始状态: 隐藏		终止状态: 显示		移动节点: 1
2000	1	0	0	0	0	1	0	0	0	0	1	0	3	0	0	1
2000	1	0	0	0	0	1	0	0	0	0	1	0	0	0	0	1

配合:		0


3	1
绳7-2
捆绑分水节
没有标记
sound\汽车装载分水节3.mp3

用钢丝绳将分水节固定在汽车上。

起始状态: 隐藏		终止状态: 显示		移动节点: 1
2000	1	0	0	0	0	1	0	0	0	0	1	0	3	0	0	1
2000	1	0	0	0	0	1	0	0	0	0	1	0	0	0	0	1

配合:		0


3	1
绳7-4
捆绑分水节
没有标记
sound\汽车装载分水节3.mp3

用钢丝绳将分水节固定在汽车上。

起始状态: 隐藏		终止状态: 显示		移动节点: 1
2000	1	0	0	0	0	1	0	0	0	0	1	0	3	0	0	1
2000	1	0	0	0	0	1	0	0	0	0	1	0	0	0	0	1

配合:		0


3	1
绳7-1
捆绑分水节
没有标记
sound\汽车装载分水节3.mp3

用钢丝绳将分水节固定在汽车上。

起始状态: 隐藏		终止状态: 显示		移动节点: 1
2000	1	0	0	0	0	1	0	0	0	0	1	0	3	0	0	1
2000	1	0	0	0	0	1	0	0	0	0	1	0	0	0	0	1

配合:		0


3	1
绳7-5
捆绑分水节
没有标记
sound\汽车装载分水节3.mp3

用钢丝绳将分水节固定在汽车上。

起始状态: 隐藏		终止状态: 显示		移动节点: 1
2000	1	0	0	0	0	1	0	0	0	0	1	0	3	0	0	1
2000	1	0	0	0	0	1	0	0	0	0	1	0	0	0	0	1

配合:		0


