1	1
升降塔垫木-1
安装1号和3号垫梁组
没有标记
sound\升降塔拼组1.mp3

垫梁组由横垫梁S8、纵垫梁S9和部分联结件组成。每两片横垫梁通过横梁间隔撑S8d连接，S8与S9间通过联结件S9a连接，横垫垫梁间的联结系由S8a、S8b、S8c、S8e四种联接板，S4、S5两种撑杆构成。注意事项：①1#、3#垫梁组在吊装摆放时应严格控制其设计位置的定位精准性，一般按纵横向误差均不得大于5mm控制，定位时可按如下方式进行：基础铺设整平→按图3所示位置处放样1、2、3、4点位→以1、2点位为定位基准点安放垫梁组→以3、4点位校核。②连接件S8a、S8b、S8c、S8e和S4、S5撑杆形成的喇叭口远离塔心。③每组垫梁组共有4块连接件S9a，均在远离塔心的两片横垫梁与纵垫梁件安装。④垫梁组最外侧纵垫梁S9的第三、四排螺栓孔与横垫梁S8的第一、二排螺栓孔相连。

起始状态: 隐藏		终止状态: 显示		移动节点: 1
1500	1	0	0	0	0	1	0	0	0	0	1	0	0	1	0	1
1500	1	0	0	0	0	1	0	0	0	0	1	0	0	0	0	1

配合:		0


1	1
升降塔内垫木-1
安装1号和3号垫梁组
没有标记
sound\升降塔拼组1.mp3

垫梁组由横垫梁S8、纵垫梁S9和部分联结件组成。每两片横垫梁通过横梁间隔撑S8d连接，S8与S9间通过联结件S9a连接，横垫垫梁间的联结系由S8a、S8b、S8c、S8e四种联接板，S4、S5两种撑杆构成。注意事项：①1#、3#垫梁组在吊装摆放时应严格控制其设计位置的定位精准性，一般按纵横向误差均不得大于5mm控制，定位时可按如下方式进行：基础铺设整平→按图3所示位置处放样1、2、3、4点位→以1、2点位为定位基准点安放垫梁组→以3、4点位校核。②连接件S8a、S8b、S8c、S8e和S4、S5撑杆形成的喇叭口远离塔心。③每组垫梁组共有4块连接件S9a，均在远离塔心的两片横垫梁与纵垫梁件安装。④垫梁组最外侧纵垫梁S9的第三、四排螺栓孔与横垫梁S8的第一、二排螺栓孔相连。

起始状态: 隐藏		终止状态: 显示		移动节点: 1
1500	1	0	0	0	0	1	0	0	0	0	1	0	0	1	0	1
1000	1	0	0	0	0	1	0	0	0	0	1	0	0	0	0	1

配合:		0


1	2
升降塔1号垫梁组-1
安装1号和3号垫梁组
没有标记
sound\升降塔拼组1.mp3

垫梁组由横垫梁S8、纵垫梁S9和部分联结件组成。每两片横垫梁通过横梁间隔撑S8d连接，S8与S9间通过联结件S9a连接，横垫垫梁间的联结系由S8a、S8b、S8c、S8e四种联接板，S4、S5两种撑杆构成。注意事项：①1#、3#垫梁组在吊装摆放时应严格控制其设计位置的定位精准性，一般按纵横向误差均不得大于5mm控制，定位时可按如下方式进行：基础铺设整平→按图3所示位置处放样1、2、3、4点位→以1、2点位为定位基准点安放垫梁组→以3、4点位校核。②连接件S8a、S8b、S8c、S8e和S4、S5撑杆形成的喇叭口远离塔心。③每组垫梁组共有4块连接件S9a，均在远离塔心的两片横垫梁与纵垫梁件安装。④垫梁组最外侧纵垫梁S9的第三、四排螺栓孔与横垫梁S8的第一、二排螺栓孔相连。

起始状态: 隐藏		终止状态: 显示		移动节点: 1
1500	1	0	0	0	0	1	0	0	0	0	1	0	0	0	1.5	1
1500	1	0	0	0	0	1	0	0	0	0	1	0	0	0	0	1

配合:		0


1	2
升降塔3号垫梁组-1
安装1号和3号垫梁组
没有标记
sound\升降塔拼组1.mp3

垫梁组由横垫梁S8、纵垫梁S9和部分联结件组成。每两片横垫梁通过横梁间隔撑S8d连接，S8与S9间通过联结件S9a连接，横垫垫梁间的联结系由S8a、S8b、S8c、S8e四种联接板，S4、S5两种撑杆构成。注意事项：①1#、3#垫梁组在吊装摆放时应严格控制其设计位置的定位精准性，一般按纵横向误差均不得大于5mm控制，定位时可按如下方式进行：基础铺设整平→按图3所示位置处放样1、2、3、4点位→以1、2点位为定位基准点安放垫梁组→以3、4点位校核。②连接件S8a、S8b、S8c、S8e和S4、S5撑杆形成的喇叭口远离塔心。③每组垫梁组共有4块连接件S9a，均在远离塔心的两片横垫梁与纵垫梁件安装。④垫梁组最外侧纵垫梁S9的第三、四排螺栓孔与横垫梁S8的第一、二排螺栓孔相连。

起始状态: 隐藏		终止状态: 显示		移动节点: 1
1500	1	0	0	0	0	1	0	0	0	0	1	0	0	0	1.5	1
1500	1	0	0	0	0	1	0	0	0	0	1	0	0	0	0	1

配合:		0


2	1
升降塔小纵梁-1
安装两组小纵梁
没有标记
sound\升降塔拼组2.mp3

小纵梁组由2根小纵梁S7通过连接板S7a、S7b连接成整体。S7a位于翼缘，S7b在下翼缘。小纵梁安装在两根立柱底部横垫梁之间。注：小纵梁吊装就位后，一端用螺栓与横垫梁栓节(2~4个螺栓，带紧即可)，另一端用枕木支垫水平，保证小纵梁另一端与横垫梁能顺利安装。

起始状态: 隐藏		终止状态: 显示		移动节点: 1
1500	1	0	0	0	0	1	0	0	0	0	1	0	0	0	1	1
1500	1	0	0	0	0	1	0	0	0	0	1	0	0	0	0	1

配合:		1
没有标记
升降塔小纵梁-1/S7-1	0	33
升降塔3号垫梁组-1/S8-4	0	4


2	1
升降塔小纵梁-2
安装两组小纵梁
没有标记
sound\升降塔拼组2.mp3

小纵梁组由2根小纵梁S7通过连接板S7a、S7b连接成整体。S7a位于翼缘，S7b在下翼缘。小纵梁安装在两根立柱底部横垫梁之间。注：小纵梁吊装就位后，一端用螺栓与横垫梁栓节(2~4个螺栓，带紧即可)，另一端用枕木支垫水平，保证小纵梁另一端与横垫梁能顺利安装。

起始状态: 隐藏		终止状态: 显示		移动节点: 1
1500	1	0	0	0	0	1	0	0	0	0	1	0	0	0	-1	1
1500	1	0	0	0	0	1	0	0	0	0	1	0	0	0	0	1

配合:		1
没有标记
升降塔小纵梁-2/S7-1	0	22
升降塔1号垫梁组-1/S8-4	0	4


2	2
内垫木1-1
没有标记
没有标记
sound\升降塔拼组2.mp3

小纵梁组由2根小纵梁S7通过连接板S7a、S7b连接成整体。S7a位于翼缘，S7b在下翼缘。小纵梁安装在两根立柱底部横垫梁之间。注：小纵梁吊装就位后，一端用螺栓与横垫梁栓节(2~4个螺栓，带紧即可)，另一端用枕木支垫水平，保证小纵梁另一端与横垫梁能顺利安装。

起始状态: 隐藏		终止状态: 显示		移动节点: 1
1000	1	0	0	0	0	1	0	0	0	0	1	0	1	0	0	1
1000	1	0	0	0	0	1	0	0	0	0	1	0	0	0	0	1

配合:		0


2	2
内垫木1-4
没有标记
没有标记
sound\升降塔拼组2.mp3

小纵梁组由2根小纵梁S7通过连接板S7a、S7b连接成整体。S7a位于翼缘，S7b在下翼缘。小纵梁安装在两根立柱底部横垫梁之间。注：小纵梁吊装就位后，一端用螺栓与横垫梁栓节(2~4个螺栓，带紧即可)，另一端用枕木支垫水平，保证小纵梁另一端与横垫梁能顺利安装。

起始状态: 隐藏		终止状态: 显示		移动节点: 1
1000	1	0	0	0	0	1	0	0	0	0	1	0	-1	0	0	1
1000	1	0	0	0	0	1	0	0	0	0	1	0	0	0	0	1

配合:		0


3	1
升降塔4号垫梁组-1
安装2号、4号垫梁组
没有标记
sound\升降塔拼组3.mp3

垫梁组的安装同步骤1，安装完毕后，安装定位杆S22，共4根。2#、4#垫梁组安装完毕后，应对4组垫梁组的顶面标高进行调平，相对高差按不大于、5mm控制，并检查两对角线长度是否相等。

起始状态: 隐藏		终止状态: 显示		移动节点: 1
1500	1	0	0	0	0	1	0	0	0	0	1	0	0	0	1.5	1
1500	1	0	0	0	0	1	0	0	0	0	1	0	0	0	0	1

配合:		1
没有标记
升降塔4号垫梁组-1/S8-2	0	14
升降塔小纵梁-1/S7-2	0	22


3	1
升降塔2号垫梁组-1
安装2号、4号垫梁组
没有标记
sound\升降塔拼组3.mp3

垫梁组的安装同步骤1，安装完毕后，安装定位杆S22，共4根。2#、4#垫梁组安装完毕后，应对4组垫梁组的顶面标高进行调平，相对高差按不大于、5mm控制，并检查两对角线长度是否相等。

起始状态: 隐藏		终止状态: 显示		移动节点: 1
1500	1	0	0	0	0	1	0	0	0	0	1	0	0	0	1.5	1
1500	1	0	0	0	0	1	0	0	0	0	1	0	0	0	0	1

配合:		1
没有标记
升降塔2号垫梁组-1/S8-2	0	14
升降塔小纵梁-2/S7-1	0	33


3	2
s22-4
安装2号、4号垫梁组
没有标记
sound\升降塔拼组3.mp3

垫梁组的安装同步骤1，安装完毕后，安装定位杆S22，共4根。2#、4#垫梁组安装完毕后，应对4组垫梁组的顶面标高进行调平，相对高差按不大于、5mm控制，并检查两对角线长度是否相等。

起始状态: 隐藏		终止状态: 显示		移动节点: 1
1500	1	0	0	0	0	1	0	0	0	0	1	0	0	0	-0.8	1
1000	1	0	0	0	0	1	0	0	0	0	1	0	0	0	0	1

配合:		0


3	2
s22-6
安装2号、4号垫梁组
没有标记
sound\升降塔拼组3.mp3

垫梁组的安装同步骤1，安装完毕后，安装定位杆S22，共4根。2#、4#垫梁组安装完毕后，应对4组垫梁组的顶面标高进行调平，相对高差按不大于、5mm控制，并检查两对角线长度是否相等。

起始状态: 隐藏		终止状态: 显示		移动节点: 1
1500	1	0	0	0	0	1	0	0	0	0	1	0	0	0	-0.8	1
1000	1	0	0	0	0	1	0	0	0	0	1	0	0	0	0	1

配合:		1
没有标记
s22-6	0	1
升降塔1号垫梁组-1/S8-2	0	9


3	2
s22-3
安装2号、4号垫梁组
没有标记
sound\升降塔拼组3.mp3

垫梁组的安装同步骤1，安装完毕后，安装定位杆S22，共4根。2#、4#垫梁组安装完毕后，应对4组垫梁组的顶面标高进行调平，相对高差按不大于、5mm控制，并检查两对角线长度是否相等。

起始状态: 隐藏		终止状态: 显示		移动节点: 1
1500	1	0	0	0	0	1	0	0	0	0	1	0	0	0	-0.8	1
1000	1	0	0	0	0	1	0	0	0	0	1	0	0	0	0	1

配合:		0


3	2
s22-1
安装2号、4号垫梁组
没有标记
sound\升降塔拼组3.mp3

垫梁组的安装同步骤1，安装完毕后，安装定位杆S22，共4根。2#、4#垫梁组安装完毕后，应对4组垫梁组的顶面标高进行调平，相对高差按不大于、5mm控制，并检查两对角线长度是否相等。

起始状态: 隐藏		终止状态: 显示		移动节点: 1
1500	1	0	0	0	0	1	0	0	0	0	1	0	0	0	-0.8	1
1000	1	0	0	0	0	1	0	0	0	0	1	0	0	0	0	1

配合:		0


3	2
s22-8
安装2号、4号垫梁组
没有标记
sound\升降塔拼组3.mp3

垫梁组的安装同步骤1，安装完毕后，安装定位杆S22，共4根。2#、4#垫梁组安装完毕后，应对4组垫梁组的顶面标高进行调平，相对高差按不大于、5mm控制，并检查两对角线长度是否相等。

起始状态: 隐藏		终止状态: 显示		移动节点: 1
1500	1	0	0	0	0	1	0	0	0	0	1	0	0	0	-0.8	1
1000	1	0	0	0	0	1	0	0	0	0	1	0	0	0	0	1

配合:		0


3	2
s22-2
安装2号、4号垫梁组
没有标记
sound\升降塔拼组3.mp3

垫梁组的安装同步骤1，安装完毕后，安装定位杆S22，共4根。2#、4#垫梁组安装完毕后，应对4组垫梁组的顶面标高进行调平，相对高差按不大于、5mm控制，并检查两对角线长度是否相等。

起始状态: 隐藏		终止状态: 显示		移动节点: 1
1500	1	0	0	0	0	1	0	0	0	0	1	0	0	0	-0.8	1
1000	1	0	0	0	0	1	0	0	0	0	1	0	0	0	0	1

配合:		0


3	2
s22-5
安装2号、4号垫梁组
没有标记
sound\升降塔拼组3.mp3

垫梁组的安装同步骤1，安装完毕后，安装定位杆S22，共4根。2#、4#垫梁组安装完毕后，应对4组垫梁组的顶面标高进行调平，相对高差按不大于、5mm控制，并检查两对角线长度是否相等。

起始状态: 隐藏		终止状态: 显示		移动节点: 1
1500	1	0	0	0	0	1	0	0	0	0	1	0	0	0	-0.8	1
1000	1	0	0	0	0	1	0	0	0	0	1	0	0	0	0	1

配合:		1
没有标记
s22-5	0	1
升降塔1号垫梁组-1/S8-1	0	9


3	2
s22-7
安装2号、4号垫梁组
没有标记
sound\升降塔拼组3.mp3

垫梁组的安装同步骤1，安装完毕后，安装定位杆S22，共4根。2#、4#垫梁组安装完毕后，应对4组垫梁组的顶面标高进行调平，相对高差按不大于、5mm控制，并检查两对角线长度是否相等。

起始状态: 隐藏		终止状态: 显示		移动节点: 1
1500	1	0	0	0	0	1	0	0	0	0	1	0	0	0	-0.8	1
1000	1	0	0	0	0	1	0	0	0	0	1	0	0	0	0	1

配合:		0


4	1
升降塔1号桁架组-2
安装1号、3号桁架组
没有标记
sound\升降塔拼组4.mp3

桁架组由主桁SO1、SO2、副桁SO3各1片，立柱S1a、S1b立柱各1根通过及撑杆、联结件、联结板栓接而成。立柱位于靠近塔心的横垫梁中部。

起始状态: 隐藏		终止状态: 显示		移动节点: 1
1500	1	0	0	0	0	1	0	0	0	0	1	0	0	0	1.5	1
1500	1	0	0	0	0	1	0	0	0	0	1	0	0	0	0	1

配合:		1
没有标记
升降塔1号桁架组-2/S1b-1	0	2
升降塔1号垫梁组-1/s8b-1	0	1


4	1
升降塔3号桁架组-1
安装1号、3号桁架组
没有标记
sound\升降塔拼组4.mp3

桁架组由主桁SO1、SO2、副桁SO3各1片，立柱S1a、S1b立柱各1根通过及撑杆、联结件、联结板栓接而成。立柱位于靠近塔心的横垫梁中部。

起始状态: 隐藏		终止状态: 显示		移动节点: 1
1500	1	0	0	0	0	1	0	0	0	0	1	0	0	0	1.5	1
1500	1	0	0	0	0	1	0	0	0	0	1	0	0	0	0	1

配合:		1
没有标记
升降塔3号桁架组-1/S1a-1	0	6
升降塔3号垫梁组-1/s8b-1	0	1


5	1
升降1号纵梁-2
安装1号纵梁SB0
没有标记
sound\升降塔拼组5.mp3

先将纵梁一端插入两根立柱之间，另一端底部用枕木支垫水平，以便与另一组桁架组连接。

起始状态: 隐藏		终止状态: 显示		移动节点: 1
1500	1	0	0	0	0	1	0	0	0	0	1	0	1	0	0	1
1500	1	0	0	0	0	1	0	0	0	0	1	0	0	0	0	1

配合:		0


5	2
内垫木-8
安装1号纵梁SB0
没有标记
sound\升降塔拼组5.mp3

先将纵梁一端插入两根立柱之间，另一端底部用枕木支垫水平，以便与另一组桁架组连接。

起始状态: 隐藏		终止状态: 显示		移动节点: 1
1000	1	0	0	0	0	1	0	0	0	0	1	0	-1	0	0	1
1000	1	0	0	0	0	1	0	0	0	0	1	0	0	0	0	1

配合:		0


5	2
内垫木-7
安装1号纵梁SB0
没有标记
sound\升降塔拼组5.mp3

先将纵梁一端插入两根立柱之间，另一端底部用枕木支垫水平，以便与另一组桁架组连接。

起始状态: 隐藏		终止状态: 显示		移动节点: 1
1000	1	0	0	0	0	1	0	0	0	0	1	0	-1	0	0	1
1000	1	0	0	0	0	1	0	0	0	0	1	0	0	0	0	1

配合:		0


5	2
内垫木-5
安装1号纵梁SB0
没有标记
sound\升降塔拼组5.mp3

先将纵梁一端插入两根立柱之间，另一端底部用枕木支垫水平，以便与另一组桁架组连接。

起始状态: 隐藏		终止状态: 显示		移动节点: 1
1000	1	0	0	0	0	1	0	0	0	0	1	0	-1	0	0	1
1000	1	0	0	0	0	1	0	0	0	0	1	0	0	0	0	1

配合:		0


5	2
内垫木-6
安装1号纵梁SB0
没有标记
sound\升降塔拼组5.mp3

先将纵梁一端插入两根立柱之间，另一端底部用枕木支垫水平，以便与另一组桁架组连接。

起始状态: 隐藏		终止状态: 显示		移动节点: 1
1000	1	0	0	0	0	1	0	0	0	0	1	0	-1	0	0	1
1000	1	0	0	0	0	1	0	0	0	0	1	0	0	0	0	1

配合:		0


6	1
升降塔2号桁架组-1
安装2号桁架组
没有标记
sound\升降塔拼组6.mp3

桁架组安装同步骤4。

起始状态: 隐藏		终止状态: 显示		移动节点: 1
1500	1	0	0	0	0	1	0	0	0	0	1	0	0	1.5	0	1
1500	1	0	0	0	0	1	0	0	0	0	1	0	0	0	0	1

配合:		1
没有标记
升降塔2号桁架组-1/S1b-1	0	2
升降塔2号垫梁组-1/s8b-1	0	1


6	2
内垫木-5
没有标记
没有标记
sound\升降塔拼组6.mp3

桁架组安装同步骤4。

起始状态: 显示		终止状态: 隐藏		移动节点: 1
1000	1	0	0	0	0	1	0	0	0	0	1	0	0	0	0	1
1000	1	0	0	0	0	1	0	0	0	0	1	0	-1	0	0	1

配合:		0


6	2
内垫木-6
没有标记
没有标记
sound\升降塔拼组6.mp3

桁架组安装同步骤4。

起始状态: 显示		终止状态: 隐藏		移动节点: 1
1000	1	0	0	0	0	1	0	0	0	0	1	0	0	0	0	1
1000	1	0	0	0	0	1	0	0	0	0	1	0	-1	0	0	1

配合:		0


6	2
内垫木-7
没有标记
没有标记
sound\升降塔拼组6.mp3

桁架组安装同步骤4。

起始状态: 显示		终止状态: 隐藏		移动节点: 1
1000	1	0	0	0	0	1	0	0	0	0	1	0	0	0	0	1
1000	1	0	0	0	0	1	0	0	0	0	1	0	-1	0	0	1

配合:		0


6	2
内垫木-8
没有标记
没有标记
sound\升降塔拼组6.mp3

桁架组安装同步骤4。

起始状态: 显示		终止状态: 隐藏		移动节点: 1
1000	1	0	0	0	0	1	0	0	0	0	1	0	0	0	0	1
1000	1	0	0	0	0	1	0	0	0	0	1	0	-1	0	0	1

配合:		0


7	1
升降塔横梁组-1
安装横梁组
没有标记
sound\升降塔拼组7.mp3

横梁组由横梁SA0和横梁顶面的栈桥梁支座SZ、边孔支座组成。将横梁SA0一端与1#纵梁SB0腹板法兰连接(纵梁腹板共8排栓孔，中心对称布置，连接时，只能安装第1、4、5、8排栓孔的螺栓，如图5?12)，另一端底部用枕木支垫水平，以便另一端与2#纵梁SB0腹板法兰进行连接。

起始状态: 隐藏		终止状态: 显示		移动节点: 1
1500	1	0	0	0	0	1	0	0	0	0	1	0	1.5	0	0	1
1500	1	0	0	0	0	1	0	0	0	0	1	0	0	0	0	1

配合:		1
没有标记
升降塔横梁组-1/SA0-1/7-1	0	1
升降1号纵梁-2/SB0-1	0	2


8	1
升降1号纵梁-1
安装2号纵梁组SB0
没有标记
sound\升降塔拼组8.mp3

纵梁安装同步骤5。纵梁安装完毕后，进行横梁SA0与纵梁SB0腹板法兰连接。

起始状态: 隐藏		终止状态: 显示		移动节点: 1
1500	1	0	0	0	0	1	0	0	0	0	1	0	-2	0	0	1
1500	1	0	0	0	0	1	0	0	0	0	1	0	0	0	0	1

配合:		2
没有标记
升降1号纵梁-1/SB0-1	0	9
升降塔3号桁架组-1/SB1-1	0	54
没有标记
升降1号纵梁-1/SB0-1	0	3
升降塔横梁组-1/SA0-1	52	0


8	2
内垫木-4
没有标记
没有标记
sound\升降塔拼组8.mp3

纵梁安装同步骤5。纵梁安装完毕后，进行横梁SA0与纵梁SB0腹板法兰连接。

起始状态: 隐藏		终止状态: 显示		移动节点: 1
1000	1	0	0	0	0	1	0	0	0	0	1	0	1	0	0	1
1000	1	0	0	0	0	1	0	0	0	0	1	0	0	0	0	1

配合:		0


8	2
内垫木-1
没有标记
没有标记
sound\升降塔拼组8.mp3

纵梁安装同步骤5。纵梁安装完毕后，进行横梁SA0与纵梁SB0腹板法兰连接。

起始状态: 隐藏		终止状态: 显示		移动节点: 1
1000	1	0	0	0	0	1	0	0	0	0	1	0	1	0	0	1
1000	1	0	0	0	0	1	0	0	0	0	1	0	0	0	0	1

配合:		0


8	2
内垫木-2
没有标记
没有标记
sound\升降塔拼组8.mp3

纵梁安装同步骤5。纵梁安装完毕后，进行横梁SA0与纵梁SB0腹板法兰连接。

起始状态: 隐藏		终止状态: 显示		移动节点: 1
1000	1	0	0	0	0	1	0	0	0	0	1	0	1	0	0	1
1000	1	0	0	0	0	1	0	0	0	0	1	0	0	0	0	1

配合:		0


8	2
内垫木-3
没有标记
没有标记
sound\升降塔拼组8.mp3

纵梁安装同步骤5。纵梁安装完毕后，进行横梁SA0与纵梁SB0腹板法兰连接。

起始状态: 隐藏		终止状态: 显示		移动节点: 1
1000	1	0	0	0	0	1	0	0	0	0	1	0	1	0	0	1
1000	1	0	0	0	0	1	0	0	0	0	1	0	0	0	0	1

配合:		0


8	3
升降塔内垫木-1
没有标记
没有标记
sound\升降塔拼组8.mp3

纵梁安装同步骤5。纵梁安装完毕后，进行横梁SA0与纵梁SB0腹板法兰连接。

起始状态: 显示		终止状态: 隐藏		移动节点: 1
1000	1	0	0	0	0	1	0	0	0	0	1	0	0	0	0	1
1000	1	0	0	0	0	1	0	0	0	0	1	0	0	0	0	1

配合:		0


9	1
升降塔4号桁架组-1
安装4号桁架组
没有标记
sound\升降塔拼组9.mp3

桁架组安装同步骤4。

起始状态: 隐藏		终止状态: 显示		移动节点: 1
1500	1	0	0	0	0	1	0	0	0	0	1	0	0	1.5	0	1
1500	1	0	0	0	0	1	0	0	0	0	1	0	0	0	0	1

配合:		1
没有标记
升降塔4号桁架组-1/S1b-1	0	2
升降塔4号垫梁组-1/s8b-1	0	1


9	2
内垫木-1
没有标记
没有标记
sound\升降塔拼组9.mp3

桁架组安装同步骤4。

起始状态: 显示		终止状态: 隐藏		移动节点: 1
1000	1	0	0	0	0	1	0	0	0	0	1	0	0	0	0	1
1000	1	0	0	0	0	1	0	0	0	0	1	0	1	0	0	1

配合:		0


9	2
内垫木-3
没有标记
没有标记
sound\升降塔拼组9.mp3

桁架组安装同步骤4。

起始状态: 显示		终止状态: 隐藏		移动节点: 1
1000	1	0	0	0	0	1	0	0	0	0	1	0	0	0	0	1
1000	1	0	0	0	0	1	0	0	0	0	1	0	1	0	0	1

配合:		0


9	2
内垫木-4
没有标记
没有标记
sound\升降塔拼组9.mp3

桁架组安装同步骤4。

起始状态: 显示		终止状态: 隐藏		移动节点: 1
1000	1	0	0	0	0	1	0	0	0	0	1	0	0	0	0	1
1000	1	0	0	0	0	1	0	0	0	0	1	0	1	0	0	1

配合:		0


9	2
内垫木-2
没有标记
没有标记
sound\升降塔拼组9.mp3

桁架组安装同步骤4。

起始状态: 显示		终止状态: 隐藏		移动节点: 1
1000	1	0	0	0	0	1	0	0	0	0	1	0	0	0	0	1
1000	1	0	0	0	0	1	0	0	0	0	1	0	1	0	0	1

配合:		0


10	1
升降塔端横梁组-2
安装端横梁组
没有标记
sound\升降塔拼组10.mp3

端横梁SA1法兰与纵梁腹板的螺栓孔对接(纵梁腹板共8排栓孔，中心对称布置，端横梁与其对接时，通过安装其端部法兰板的第2、3、6、7排栓孔的螺栓，将端横梁、纵梁、横梁连接成整体)，与横梁位于同一条轴线上。①现场拼装时可先将导向滑车支架SA3、卷扬机垫座SA2a、SA2b提前安装在端横梁SA1上可形成端横梁预拼组。②滑车支架直立一侧与端横梁顶面栓结，斜立一侧与卷扬机垫座顶面栓结。

起始状态: 隐藏		终止状态: 显示		移动节点: 1
1500	1	0	0	0	0	1	0	0	0	0	1	0	-0.3	0	-0.5	1
1000	1	0	0	0	0	1	0	0	0	0	1	0	0	0	0	1

配合:		1
没有标记
升降塔端横梁组-2/SA1-1	0	24
升降1号纵梁-2/SB0-1	0	3


10	1
升降塔端横梁组-1
安装端横梁组
没有标记
sound\升降塔拼组10.mp3

端横梁SA1法兰与纵梁腹板的螺栓孔对接(纵梁腹板共8排栓孔，中心对称布置，端横梁与其对接时，通过安装其端部法兰板的第2、3、6、7排栓孔的螺栓，将端横梁、纵梁、横梁连接成整体)，与横梁位于同一条轴线上。①现场拼装时可先将导向滑车支架SA3、卷扬机垫座SA2a、SA2b提前安装在端横梁SA1上可形成端横梁预拼组。②滑车支架直立一侧与端横梁顶面栓结，斜立一侧与卷扬机垫座顶面栓结。

起始状态: 隐藏		终止状态: 显示		移动节点: 1
1500	1	0	0	0	0	1	0	0	0	0	1	0	-0.3	0	-0.5	1
1000	1	0	0	0	0	1	0	0	0	0	1	0	0	0	0	1

配合:		1
没有标记
升降塔端横梁组-1/SA1-1	0	24
升降1号纵梁-1/SB0-1	0	2


11	1
SA4-3
安装1号、2号托吊梁
没有标记
sound\升降塔拼组11.mp3

托吊梁SA4栓结在端横梁SA1下翼缘上。注意事项：托吊梁与端横梁最外侧螺栓孔相连。

起始状态: 隐藏		终止状态: 显示		移动节点: 1
1500	1	0	0	0	0	1	0	0	0	0	1	0	0	0	-0.8	1
1500	1	0	0	0	0	1	0	0	0	0	1	0	0	0	0	1

配合:		0


11	1
SA4-2
安装1号、2号托吊梁
没有标记
sound\升降塔拼组11.mp3

托吊梁SA4栓结在端横梁SA1下翼缘上。注意事项：托吊梁与端横梁最外侧螺栓孔相连。

起始状态: 隐藏		终止状态: 显示		移动节点: 1
1500	1	0	0	0	0	1	0	0	0	0	1	0	0	0	-0.8	1
1500	1	0	0	0	0	1	0	0	0	0	1	0	0	0	0	1

配合:		0


12	1
S10装配图-2
安装1号、2号吊梁
没有标记
sound\升降塔拼组12.mp3

梁安装在两根升降塔副桁SO3的顶端。

起始状态: 隐藏		终止状态: 显示		移动节点: 1
1500	1	0	0	0	0	1	0	0	0	0	1	0	0	0.8	0	1
1000	1	0	0	0	0	1	0	0	0	0	1	0	0	0	0	1

配合:		0


12	1
S10装配图-1
安装1号、2号吊梁
没有标记
sound\升降塔拼组12.mp3

梁安装在两根升降塔副桁SO3的顶端。

起始状态: 隐藏		终止状态: 显示		移动节点: 1
1500	1	0	0	0	0	1	0	0	0	0	1	0	0	0.8	0	1
1000	1	0	0	0	0	1	0	0	0	0	1	0	0	0	0	1

配合:		0


13	1
SA6-1
安装导向卷扬机垫座、滑车支架
没有标记
sound\升降塔拼组13.mp3

卷扬机垫座SA2a、SA2b通过螺栓安装在端横梁及横梁顶面。注意事项：①卷扬机底座由3根SA2a、2根SA2b、2片SA5、2片SA6组成。卷扬机垫座从梁端依次是2根SA2a、2根SA2b、1根SA2a，远离塔心的垫座上部铺设2片SA5、靠近塔心的垫座上部铺设2片SA6。②卷扬机底座、滑车支架均可在横梁预拼和端横梁预拼时提前现场安装，详见步骤7、10。

起始状态: 隐藏		终止状态: 显示		移动节点: 1
1000	1	0	0	0	0	1	0	0	0	0	1	0	0	0.8	0	1
1000	1	0	0	0	0	1	0	0	0	0	1	0	0	0	0	1

配合:		0


13	1
SA5-1-1
安装导向卷扬机垫座、滑车支架
没有标记
sound\升降塔拼组13.mp3

卷扬机垫座SA2a、SA2b通过螺栓安装在端横梁及横梁顶面。注意事项：①卷扬机底座由3根SA2a、2根SA2b、2片SA5、2片SA6组成。卷扬机垫座从梁端依次是2根SA2a、2根SA2b、1根SA2a，远离塔心的垫座上部铺设2片SA5、靠近塔心的垫座上部铺设2片SA6。②卷扬机底座、滑车支架均可在横梁预拼和端横梁预拼时提前现场安装，详见步骤7、10。

起始状态: 隐藏		终止状态: 显示		移动节点: 1
1000	1	0	0	0	0	1	0	0	0	0	1	0	0	0.8	0	1
1000	1	0	0	0	0	1	0	0	0	0	1	0	0	0	0	1

配合:		0


13	1
SA5-2
安装导向卷扬机垫座、滑车支架
没有标记
sound\升降塔拼组13.mp3

卷扬机垫座SA2a、SA2b通过螺栓安装在端横梁及横梁顶面。注意事项：①卷扬机底座由3根SA2a、2根SA2b、2片SA5、2片SA6组成。卷扬机垫座从梁端依次是2根SA2a、2根SA2b、1根SA2a，远离塔心的垫座上部铺设2片SA5、靠近塔心的垫座上部铺设2片SA6。②卷扬机底座、滑车支架均可在横梁预拼和端横梁预拼时提前现场安装，详见步骤7、10。

起始状态: 隐藏		终止状态: 显示		移动节点: 1
1000	1	0	0	0	0	1	0	0	0	0	1	0	0	0.8	0	1
1000	1	0	0	0	0	1	0	0	0	0	1	0	0	0	0	1

配合:		0


13	1
SA6-1-1
安装导向卷扬机垫座、滑车支架
没有标记
sound\升降塔拼组13.mp3

卷扬机垫座SA2a、SA2b通过螺栓安装在端横梁及横梁顶面。注意事项：①卷扬机底座由3根SA2a、2根SA2b、2片SA5、2片SA6组成。卷扬机垫座从梁端依次是2根SA2a、2根SA2b、1根SA2a，远离塔心的垫座上部铺设2片SA5、靠近塔心的垫座上部铺设2片SA6。②卷扬机底座、滑车支架均可在横梁预拼和端横梁预拼时提前现场安装，详见步骤7、10。

起始状态: 隐藏		终止状态: 显示		移动节点: 1
1000	1	0	0	0	0	1	0	0	0	0	1	0	0	0.8	0	1
1000	1	0	0	0	0	1	0	0	0	0	1	0	0	0	0	1

配合:		0


13	2
SA6-2
安装导向卷扬机垫座、滑车支架
没有标记
sound\升降塔拼组13.mp3

卷扬机垫座SA2a、SA2b通过螺栓安装在端横梁及横梁顶面。注意事项：①卷扬机底座由3根SA2a、2根SA2b、2片SA5、2片SA6组成。卷扬机垫座从梁端依次是2根SA2a、2根SA2b、1根SA2a，远离塔心的垫座上部铺设2片SA5、靠近塔心的垫座上部铺设2片SA6。②卷扬机底座、滑车支架均可在横梁预拼和端横梁预拼时提前现场安装，详见步骤7、10。

起始状态: 隐藏		终止状态: 显示		移动节点: 1
1000	1	0	0	0	0	1	0	0	0	0	1	0	0	0.8	0	1
1000	1	0	0	0	0	1	0	0	0	0	1	0	0	0	0	1

配合:		0


13	2
SA5-1-2
安装导向卷扬机垫座、滑车支架
没有标记
sound\升降塔拼组13.mp3

卷扬机垫座SA2a、SA2b通过螺栓安装在端横梁及横梁顶面。注意事项：①卷扬机底座由3根SA2a、2根SA2b、2片SA5、2片SA6组成。卷扬机垫座从梁端依次是2根SA2a、2根SA2b、1根SA2a，远离塔心的垫座上部铺设2片SA5、靠近塔心的垫座上部铺设2片SA6。②卷扬机底座、滑车支架均可在横梁预拼和端横梁预拼时提前现场安装，详见步骤7、10。

起始状态: 隐藏		终止状态: 显示		移动节点: 1
1000	1	0	0	0	0	1	0	0	0	0	1	0	0	0.8	0	1
1000	1	0	0	0	0	1	0	0	0	0	1	0	0	0	0	1

配合:		0


13	2
SA6-1-2
安装导向卷扬机垫座、滑车支架
没有标记
sound\升降塔拼组13.mp3

卷扬机垫座SA2a、SA2b通过螺栓安装在端横梁及横梁顶面。注意事项：①卷扬机底座由3根SA2a、2根SA2b、2片SA5、2片SA6组成。卷扬机垫座从梁端依次是2根SA2a、2根SA2b、1根SA2a，远离塔心的垫座上部铺设2片SA5、靠近塔心的垫座上部铺设2片SA6。②卷扬机底座、滑车支架均可在横梁预拼和端横梁预拼时提前现场安装，详见步骤7、10。

起始状态: 隐藏		终止状态: 显示		移动节点: 1
1000	1	0	0	0	0	1	0	0	0	0	1	0	0	0.8	0	1
1000	1	0	0	0	0	1	0	0	0	0	1	0	0	0	0	1

配合:		0


13	2
SA5-1
安装导向卷扬机垫座、滑车支架
没有标记
sound\升降塔拼组13.mp3

卷扬机垫座SA2a、SA2b通过螺栓安装在端横梁及横梁顶面。注意事项：①卷扬机底座由3根SA2a、2根SA2b、2片SA5、2片SA6组成。卷扬机垫座从梁端依次是2根SA2a、2根SA2b、1根SA2a，远离塔心的垫座上部铺设2片SA5、靠近塔心的垫座上部铺设2片SA6。②卷扬机底座、滑车支架均可在横梁预拼和端横梁预拼时提前现场安装，详见步骤7、10。

起始状态: 隐藏		终止状态: 显示		移动节点: 1
1000	1	0	0	0	0	1	0	0	0	0	1	0	0	0.8	0	1
1000	1	0	0	0	0	1	0	0	0	0	1	0	0	0	0	1

配合:		0


14	1
锚机加隔板-2
安装卷扬机
没有标记
sound\升降塔拼组14.mp3

在底座上安装卷扬机。

起始状态: 隐藏		终止状态: 显示		移动节点: 1
1000	1	0	0	0	0	1	0	0	0	0	1	0	0	0	-1	1
1000	1	0	0	0	0	1	0	0	0	0	1	0	0	0	0	1

配合:		0


14	1
锚机加隔板-1
安装卷扬机
没有标记
sound\升降塔拼组14.mp3

在底座上安装卷扬机。

起始状态: 隐藏		终止状态: 显示		移动节点: 1
1000	1	0	0	0	0	1	0	0	0	0	1	0	0	0	-1	1
1000	1	0	0	0	0	1	0	0	0	0	1	0	0	0	0	1

配合:		0


15	1
s12a-3
安装连接件和斜撑杆
没有标记
sound\升降塔拼组15.mp3

安装连接件S12a、S12b、S7a和斜撑杆S6S12a、S12a、S12b、S7a和斜撑杆S6

起始状态: 隐藏		终止状态: 显示		移动节点: 1
1000	1	0	0	0	0	1	0	0	0	0	1	0	0	0	-0.5	1
1000	1	0	0	0	0	1	0	0	0	0	1	0	0	0	0	1

配合:		0


15	1
s12b-2
安装连接件和斜撑杆
没有标记
sound\升降塔拼组15.mp3

安装连接件S12a、S12b、S7a和斜撑杆S6S12a、S12a、S12b、S7a和斜撑杆S6

起始状态: 隐藏		终止状态: 显示		移动节点: 1
1000	1	0	0	0	0	1	0	0	0	0	1	0	0	0	-0.5	1
1000	1	0	0	0	0	1	0	0	0	0	1	0	0	0	0	1

配合:		0


15	1
s12a-1
安装连接件和斜撑杆
没有标记
sound\升降塔拼组15.mp3

安装连接件S12a、S12b、S7a和斜撑杆S6S12a、S12a、S12b、S7a和斜撑杆S6

起始状态: 隐藏		终止状态: 显示		移动节点: 1
1000	1	0	0	0	0	1	0	0	0	0	1	0	0	0	-0.5	1
1000	1	0	0	0	0	1	0	0	0	0	1	0	0	0	0	1

配合:		0


15	1
s12a-2
安装连接件和斜撑杆
没有标记
sound\升降塔拼组15.mp3

安装连接件S12a、S12b、S7a和斜撑杆S6S12a、S12a、S12b、S7a和斜撑杆S6

起始状态: 隐藏		终止状态: 显示		移动节点: 1
1000	1	0	0	0	0	1	0	0	0	0	1	0	0	0	-0.5	1
1000	1	0	0	0	0	1	0	0	0	0	1	0	0	0	0	1

配合:		0


15	1
s12b-3
安装连接件和斜撑杆
没有标记
sound\升降塔拼组15.mp3

安装连接件S12a、S12b、S7a和斜撑杆S6S12a、S12a、S12b、S7a和斜撑杆S6

起始状态: 隐藏		终止状态: 显示		移动节点: 1
1000	1	0	0	0	0	1	0	0	0	0	1	0	0	0	-0.5	1
1000	1	0	0	0	0	1	0	0	0	0	1	0	0	0	0	1

配合:		0


15	1
s12b-1
安装连接件和斜撑杆
没有标记
sound\升降塔拼组15.mp3

安装连接件S12a、S12b、S7a和斜撑杆S6S12a、S12a、S12b、S7a和斜撑杆S6

起始状态: 隐藏		终止状态: 显示		移动节点: 1
1000	1	0	0	0	0	1	0	0	0	0	1	0	0	0	-0.5	1
1000	1	0	0	0	0	1	0	0	0	0	1	0	0	0	0	1

配合:		0


15	1
s12b-4
安装连接件和斜撑杆
没有标记
sound\升降塔拼组15.mp3

安装连接件S12a、S12b、S7a和斜撑杆S6S12a、S12a、S12b、S7a和斜撑杆S6

起始状态: 隐藏		终止状态: 显示		移动节点: 1
1000	1	0	0	0	0	1	0	0	0	0	1	0	0	0	-0.5	1
1000	1	0	0	0	0	1	0	0	0	0	1	0	0	0	0	1

配合:		0


15	1
s12a-4
安装连接件和斜撑杆
没有标记
sound\升降塔拼组15.mp3

安装连接件S12a、S12b、S7a和斜撑杆S6S12a、S12a、S12b、S7a和斜撑杆S6

起始状态: 隐藏		终止状态: 显示		移动节点: 1
1000	1	0	0	0	0	1	0	0	0	0	1	0	0	0	-0.5	1
1000	1	0	0	0	0	1	0	0	0	0	1	0	0	0	0	1

配合:		0


15	2
s6-1-10
安装连接件和斜撑杆
没有标记
sound\升降塔拼组15.mp3

安装连接件S12a、S12b、S7a和斜撑杆S6S12a、S12a、S12b、S7a和斜撑杆S6

起始状态: 隐藏		终止状态: 显示		移动节点: 1
1000	1	0	0	0	0	1	0	0	0	0	1	0	0	0	-0.4	1
1000	1	0	0	0	0	1	0	0	0	0	1	0	0	0	0	1

配合:		0


15	2
s6-1-1
安装连接件和斜撑杆
没有标记
sound\升降塔拼组15.mp3

安装连接件S12a、S12b、S7a和斜撑杆S6S12a、S12a、S12b、S7a和斜撑杆S6

起始状态: 隐藏		终止状态: 显示		移动节点: 1
1000	1	0	0	0	0	1	0	0	0	0	1	0	0	0	-0.4	1
1000	1	0	0	0	0	1	0	0	0	0	1	0	0	0	0	1

配合:		0


15	2
s6-1-13
安装连接件和斜撑杆
没有标记
sound\升降塔拼组15.mp3

安装连接件S12a、S12b、S7a和斜撑杆S6S12a、S12a、S12b、S7a和斜撑杆S6

起始状态: 隐藏		终止状态: 显示		移动节点: 1
1000	1	0	0	0	0	1	0	0	0	0	1	0	0	0	-0.4	1
1000	1	0	0	0	0	1	0	0	0	0	1	0	0	0	0	1

配合:		0


15	2
s6-1-9
安装连接件和斜撑杆
没有标记
sound\升降塔拼组15.mp3

安装连接件S12a、S12b、S7a和斜撑杆S6S12a、S12a、S12b、S7a和斜撑杆S6

起始状态: 隐藏		终止状态: 显示		移动节点: 1
1000	1	0	0	0	0	1	0	0	0	0	1	0	0	0	-0.4	1
1000	1	0	0	0	0	1	0	0	0	0	1	0	0	0	0	1

配合:		0


15	2
s6-1-11
安装连接件和斜撑杆
没有标记
sound\升降塔拼组15.mp3

安装连接件S12a、S12b、S7a和斜撑杆S6S12a、S12a、S12b、S7a和斜撑杆S6

起始状态: 隐藏		终止状态: 显示		移动节点: 1
1000	1	0	0	0	0	1	0	0	0	0	1	0	0	0	-0.4	1
1000	1	0	0	0	0	1	0	0	0	0	1	0	0	0	0	1

配合:		0


15	2
s6-1-8
安装连接件和斜撑杆
没有标记
sound\升降塔拼组15.mp3

安装连接件S12a、S12b、S7a和斜撑杆S6S12a、S12a、S12b、S7a和斜撑杆S6

起始状态: 隐藏		终止状态: 显示		移动节点: 1
1000	1	0	0	0	0	1	0	0	0	0	1	0	0	0	-0.4	1
1000	1	0	0	0	0	1	0	0	0	0	1	0	0	0	0	1

配合:		0


15	2
s6-1-14
安装连接件和斜撑杆
没有标记
sound\升降塔拼组15.mp3

安装连接件S12a、S12b、S7a和斜撑杆S6S12a、S12a、S12b、S7a和斜撑杆S6

起始状态: 隐藏		终止状态: 显示		移动节点: 1
1000	1	0	0	0	0	1	0	0	0	0	1	0	0	0	-0.4	1
1000	1	0	0	0	0	1	0	0	0	0	1	0	0	0	0	1

配合:		0


15	2
s6-1-12
安装连接件和斜撑杆
没有标记
sound\升降塔拼组15.mp3

安装连接件S12a、S12b、S7a和斜撑杆S6S12a、S12a、S12b、S7a和斜撑杆S6

起始状态: 隐藏		终止状态: 显示		移动节点: 1
1000	1	0	0	0	0	1	0	0	0	0	1	0	0	0	-0.4	1
1000	1	0	0	0	0	1	0	0	0	0	1	0	0	0	0	1

配合:		0


16	1
升降塔钢丝绳-2
穿吊梁与托吊梁间的钢丝绳
没有标记
sound\升降塔拼组16.mp3

从卷扬机中穿出的钢丝绳穿过导向滑车支架的滑轮SC3后，再从靠近中心一侧穿过吊梁S10中的单式滑轮SC2，随后从靠近中心一侧穿过靠近塔心的滑轮，然后穿过吊梁的双式滑轮SC1,最后从远离中心线一侧穿过托吊梁，最后锚固在托吊梁上

起始状态: 隐藏		终止状态: 显示		移动节点: 1
1000	1	0	0	0	0	1	0	0	0	0	1	0	0	0	-1	1
1000	1	0	0	0	0	1	0	0	0	0	1	0	0	0	0	1

配合:		0


