1	1
C70-1
敞车装载分水节
没有标记
sound\敞车装载分水节1.mp3

敞车装载分水节，车厢底部放置防滑草垫。

起始状态: 隐藏		终止状态: 显示		移动节点: 1
1500	1	0	0	0	0	1	0	0	0	0	1	0	0	0	0	1
1500	1	0	0	0	0	1	0	0	0	0	1	0	0	0	0	1

配合:		0


2	1
分水节-1
依次装载分水节
没有标记
sound\敞车装载分水节2.mp3

①分水节与车厢侧板之间有15cm间隙，如何处理按铁路方面要求进行。②分水节紧靠在一起时，注意分水节底部要放平。

起始状态: 隐藏		终止状态: 显示		移动节点: 1
1000	1	0	0	0	0	1	0	0	0	0	1	0	2	0	0	1
1000	1	0	0	0	0	1	0	0	0	0	1	0	0	0	0	1

配合:		0


2	2
分水节-2
依次装载分水节
没有标记
sound\敞车装载分水节2.mp3

①分水节与车厢侧板之间有15cm间隙，如何处理按铁路方面要求进行。②分水节紧靠在一起时，注意分水节底部要放平。

起始状态: 隐藏		终止状态: 显示		移动节点: 1
1000	1	0	0	0	0	1	0	0	0	0	1	0	2	0	0	1
1000	1	0	0	0	0	1	0	0	0	0	1	0	0	0	0	1

配合:		0


2	3
分水节-3
依次装载分水节
没有标记
sound\敞车装载分水节2.mp3

①分水节与车厢侧板之间有15cm间隙，如何处理按铁路方面要求进行。②分水节紧靠在一起时，注意分水节底部要放平。

起始状态: 隐藏		终止状态: 显示		移动节点: 1
1000	1	0	0	0	0	1	0	0	0	0	1	0	2	0	0	1
1000	1	0	0	0	0	1	0	0	0	0	1	0	0	0	0	1

配合:		0


2	4
分水节-4
依次装载分水节
没有标记
sound\敞车装载分水节2.mp3

①分水节与车厢侧板之间有15cm间隙，如何处理按铁路方面要求进行。②分水节紧靠在一起时，注意分水节底部要放平。

起始状态: 隐藏		终止状态: 显示		移动节点: 1
1000	1	0	0	0	0	1	0	0	0	0	1	0	2	0	0	1
1000	1	0	0	0	0	1	0	0	0	0	1	0	0	0	0	1

配合:		0


2	5
分水节-5
依次装载分水节
没有标记
sound\敞车装载分水节2.mp3

①分水节与车厢侧板之间有15cm间隙，如何处理按铁路方面要求进行。②分水节紧靠在一起时，注意分水节底部要放平。

起始状态: 隐藏		终止状态: 显示		移动节点: 1
1000	1	0	0	0	0	1	0	0	0	0	1	0	2	0	0	1
1000	1	0	0	0	0	1	0	0	0	0	1	0	0	0	0	1

配合:		0


2	6
分水节-6
依次装载分水节
没有标记
sound\敞车装载分水节2.mp3

①分水节与车厢侧板之间有15cm间隙，如何处理按铁路方面要求进行。②分水节紧靠在一起时，注意分水节底部要放平。

起始状态: 隐藏		终止状态: 显示		移动节点: 1
1000	1	0	0	0	0	1	0	0	0	0	1	0	2	0	0	1
1000	1	0	0	0	0	1	0	0	0	0	1	0	0	0	0	1

配合:		0


